0 1266.08
0.000281334 1266.08
0.00222826 1266.08
0.00616884 1266.08
0.00864291 1188.13
0.0101485 1149.2
0.0113862 1188.13
0.0132582 1188.13
0.0144565 1188.13
0.0174832 1227.09
0.0186419 1188.13
0.0199559 1110.29
0.0222297 1149.2
0.0234153 1149.2
0.0254412 1149.2
0.0276318 1188.13
0.0286257 1149.2
0.0304551 1110.29
0.0317771 1188.13
0.0345008 1149.2
0.0385468 1188.13
0.0402033 1227.09
0.0426459 1188.13
0.0438414 1149.2
0.0467465 1149.2
0.04794 1110.29
0.0508847 954.883
0.0524433 993.698
0.0537324 954.883
0.0591063 916.091
0.0608711 916.091
0.0631306 954.883
0.0644369 916.091
0.067251 954.883
0.0684404 993.698
0.0708997 954.883
0.072171 1110.29
0.0753467 1149.2
0.0771022 1110.29
0.0783269 1188.13
0.079905 1149.2
0.0811121 1188.13
0.0823255 1266.08
0.0836895 1305.08
0.085954 1266.08
0.0872729 1305.08
0.0917478 1266.08
0.0930517 1188.13
0.0943971 1227.09
0.095612 1188.13
0.0975554 1149.2
0.10006 1071.4
0.10141 1032.54
0.105172 916.091
0.105225 877.324
0.107531 838.581
0.108804 799.861
0.110047 722.494
0.111481 645.221
0.112775 568.044
0.114059 529.49
0.115413 452.454
0.117131 375.513
0.118475 337.077
0.119879 298.665
0.121102 260.276
0.123306 221.911
0.12495 183.569
0.127136 183.569
0.128325 145.25
0.130017 106.955
0.131235 68.6831
0.132918 30.4344
0.134039 -84.1725
0.137896 -122.328
0.137938 -160.461
0.139983 -274.722
0.141544 -236.658
0.143487 -312.762
0.145269 -388.775
0.147346 -388.775
0.149038 -350.78
0.150456 -426.747
0.151972 -350.78
0.153383 -350.78
0.155649 -426.747
0.157099 -388.775
0.158533 -388.775
0.159986 -426.747
0.161424 -312.762
0.162703 -312.762
0.164369 -388.775
0.165698 -350.78
0.167366 -312.762
0.168691 -274.722
0.170128 -160.461
0.171652 -45.9934
0.172991 -7.79108
0.175034 183.569
0.177249 221.911
0.178568 337.077
0.179896 529.49
0.181411 722.494
0.185287 838.581
0.186977 954.883
0.188294 1071.4
0.189641 1188.13
0.191533 1227.09
0.192915 1266.08
0.19419 1344.12
0.196476 1344.12
0.198381 1344.12
0.199748 1344.12
0.201154 1344.12
0.202504 1344.12
0.204641 1383.17
0.206165 1344.12
0.207545 1344.12
0.208885 1305.08
0.210617 1227.09
0.212289 1227.09
0.213639 1188.13
0.214996 1149.2
0.21702 1071.4
0.218326 993.698
0.220155 877.324
0.221482 799.861
0.223185 722.494
0.224479 645.221
0.226713 606.621
0.228442 529.49
0.229697 452.454
0.230904 298.665
0.232843 260.276
0.234254 183.569
0.235508 68.6831
0.237994 30.4344
0.239308 -7.79108
0.240754 -84.1725
0.242117 -84.1725
0.243647 -122.328
0.245751 -160.461
0.24807 -122.328
0.249518 -198.571
0.25093 -236.658
0.252661 -198.571
0.254066 -236.658
0.25544 -274.722
0.257967 -236.658
0.259224 -274.722
0.260888 -426.747
0.262149 -426.747
0.263764 -426.747
0.265606 -350.78
0.267933 -312.762
0.269147 -350.78
0.270513 -312.762
0.272014 -236.658
0.273322 -198.571
0.274599 -160.461
0.27701 30.4344
0.278327 68.6831
0.279967 183.569
0.281649 145.25
0.283179 106.955
0.284342 260.276
0.285713 337.077
0.287491 413.972
0.288713 490.96
0.289907 606.621
0.291065 645.221
0.292413 761.166
0.293855 799.861
0.295882 954.883
0.297069 1188.13
0.298244 1188.13
0.300335 1188.13
0.301869 1227.09
0.304021 1227.09
0.305955 1188.13
0.307309 1227.09
0.308784 1227.09
0.310125 1188.13
0.311348 1188.13
0.312585 1110.29
0.313945 1110.29
0.315178 1149.2
0.317924 1149.2
0.319292 1188.13
0.320744 1149.2
0.322153 1110.29
0.324405 1032.54
0.32667 993.698
0.327843 916.091
0.329297 838.581
0.330473 799.861
0.331653 722.494
0.333329 606.621
0.335912 490.96
0.337644 452.454
0.339235 337.077
0.340584 260.276
0.342061 221.911
0.344074 106.955
0.345285 106.955
0.347502 68.6831
0.348794 -45.9934
0.350209 -122.328
0.351487 -160.461
0.352816 -274.722
0.354189 -236.658
0.35541 -198.571
0.357848 -198.571
0.359342 -84.1725
0.360878 -45.9934
0.362881 -7.79108
0.364935 145.25
0.366506 298.665
0.367799 413.972
0.369156 645.221
0.370722 761.166
0.372001 838.581
0.373293 954.883
0.374558 1032.54
0.376731 1110.29
0.37794 1188.13
0.379254 1227.09
0.380977 1266.08
0.382279 1344.12
0.384039 1305.08
0.385462 1305.08
0.387247 1383.17
0.388391 1383.17
0.389657 1422.25
0.390891 1383.17
0.392306 1383.17
0.393548 1383.17
0.396357 1383.17
0.397627 1344.12
0.398873 1383.17
0.400165 1383.17
0.401339 1305.08
0.402634 1266.08
0.403958 1227.09
0.40555 1149.2
0.407569 1149.2
0.409049 1110.29
0.410283 1032.54
0.411883 1032.54
0.413513 1032.54
0.41482 993.698
0.417185 1032.54
0.4187 1071.4
0.420085 993.698
0.422184 1110.29
0.423431 1110.29
0.425344 1071.4
0.426963 1188.13
0.4282 1149.2
0.429403 1071.4
0.431385 1149.2
0.433377 1149.2
0.435353 1110.29
0.437141 1149.2
0.43873 1071.4
0.440383 1110.29
0.44257 1149.2
0.444629 1071.4
0.447033 1149.2
0.448743 1188.13
0.449998 1110.29
0.451336 1149.2
0.452692 1149.2
0.454066 1149.2
0.456402 1266.08
0.457594 1188.13
0.458766 1188.13
0.460005 1188.13
0.461231 1110.29
0.462375 1071.4
0.4644 1110.29
0.466442 1032.54
0.46756 993.698
0.468823 954.883
0.470274 838.581
0.471535 799.861
0.473074 761.166
0.474608 683.846
0.477028 606.621
0.478459 568.044
0.479751 490.96
0.481547 413.972
0.482916 375.513
0.484274 337.077
0.485615 260.276
0.487971 183.569
0.489275 106.955
0.490463 68.6831
0.49178 30.4344
0.493083 30.4344
0.494873 -7.79108
0.496708 -7.79108
0.497892 -45.9934
0.499436 -198.571
0.500665 -198.571
0.501979 -198.571
0.50338 -236.658
0.505694 -236.658
0.5075 -274.722
0.509295 -274.722
0.51049 -274.722
0.512188 -350.78
0.513501 -388.775
0.515065 -274.722
0.517892 -312.762
0.519174 -426.747
0.520808 -426.747
0.521898 -426.747
0.523137 -464.696
0.524327 -464.696
0.526107 -426.747
0.527597 -464.696
0.528987 -426.747
0.530268 -426.747
0.531914 -350.78
0.533113 -236.658
0.53535 -198.571
0.536594 -122.328
0.537911 -45.9934
0.539643 -45.9934
0.541007 -7.79108
0.54283 106.955
0.544601 106.955
0.546708 106.955
0.547932 68.6831
0.549584 68.6831
0.550892 68.6831
0.552198 -7.79108
0.553483 -7.79108
0.554675 -45.9934
0.556907 -84.1725
0.558111 -160.461
0.559355 -160.461
0.560563 -122.328
0.561837 -160.461
0.563153 -160.461
0.565483 -198.571
0.567486 -198.571
0.568861 -198.571
0.570874 -198.571
0.572199 -236.658
0.573391 -160.461
0.574586 -160.461
0.577042 -236.658
0.578757 -160.461
0.580086 -198.571
0.581431 -198.571
0.582733 -236.658
0.584538 -160.461
0.585611 -84.1725
0.587763 -7.79108
0.58908 68.6831
0.590481 68.6831
0.591738 183.569
0.592957 260.276
0.594207 298.665
0.59566 452.454
0.597498 645.221
0.598931 606.621
0.600331 683.846
0.601715 761.166
0.602932 722.494
0.604552 877.324
0.606451 954.883
0.607754 916.091
0.609006 1071.4
0.610291 1071.4
0.612036 993.698
0.613687 1149.2
0.614943 1110.29
0.617718 1032.54
0.618809 1110.29
0.620157 1071.4
0.62139 993.698
0.62338 993.698
0.624607 916.091
0.627248 993.698
0.628417 993.698
0.630521 877.324
0.632774 799.861
0.633976 799.861
0.635381 683.846
0.637602 606.621
0.638908 529.49
0.640534 452.454
0.64201 413.972
0.64361 221.911
0.645715 183.569
0.647317 145.25
0.648702 145.25
0.64995 68.6831
0.651179 68.6831
0.652387 30.4344
0.65367 30.4344
0.654901 30.4344
0.656904 -7.79108
0.658155 -7.79108
0.659321 -45.9934
0.660897 -84.1725
0.662069 -122.328
0.663234 -122.328
0.664524 -160.461
0.666949 -160.461
0.668448 -160.461
0.669939 -160.461
0.671355 -654.099
0.672931 -654.099
0.674232 -654.099
0.676042 -691.912
0.67733 -654.099
0.679089 -654.099
0.680549 -691.912
0.681935 -691.912
0.683633 -654.099
0.684745 -691.912
0.687484 -198.571
0.688821 -198.571
0.690432 -274.722
0.691775 -236.658
0.693724 -274.722
0.694926 -198.571
0.697393 -84.1725
0.698621 -7.79108
0.700407 68.6831
0.702097 221.911
0.703501 375.513
0.705011 490.96
0.707096 722.494
0.708335 877.324
0.70983 1071.4
0.711272 1149.2
0.713131 1266.08
0.714594 1422.25
0.716834 1461.36
0.718506 1500.49
0.719766 1539.64
0.721477 1618.02
0.722709 1618.02
0.724898 1657.25
0.727692 1618.02
0.728853 1618.02
0.730416 1618.02
0.731626 1539.64
0.733285 1539.64
0.734131 1539.64
0.735622 1500.49
0.73787 1461.36
0.739185 1461.36
0.740919 1422.25
0.742481 1422.25
0.744009 1383.17
0.7463 1344.12
0.747536 1344.12
0.748918 1344.12
0.750206 1344.12
0.751913 1344.12
0.753443 1344.12
0.754695 1344.12
0.756561 1344.12
0.758433 1344.12
0.759686 1383.17
0.760884 1344.12
0.7621 1344.12
0.763346 1344.12
0.764596 1344.12
0.767412 1344.12
0.768726 1344.12
0.770358 1344.12
0.772141 1266.08
0.773726 1188.13
0.775471 1110.29
0.777039 1071.4
0.778555 993.698
0.780105 916.091
0.781904 838.581
0.78318 722.494
0.784539 606.621
0.786813 490.96
0.788449 452.454
0.790151 337.077
0.791323 260.276
0.793468 183.569
0.79462 68.6831
0.79745 -7.79108
0.798598 -45.9934
0.800575 30.4344
0.801827 30.4344
0.804218 -7.79108
0.805367 30.4344
0.807601 30.4344
0.808897 30.4344
0.810195 30.4344
0.811507 145.25
0.813111 221.911
0.814559 298.665
0.816833 298.665
0.818408 375.513
0.82003 529.49
0.821504 606.621
0.822901 761.166
0.824218 877.324
0.825838 1032.54
0.828171 1110.29
0.829472 1188.13
0.831537 1227.09
0.833528 1227.09
0.83482 1266.08
0.837114 1266.08
0.838466 1305.08
0.840019 1344.12
0.841779 1383.17
0.842981 1344.12
0.844255 1344.12
0.846026 1383.17
0.847482 1344.12
0.849131 1383.17
0.850543 1344.12
0.851919 1305.08
0.853367 1227.09
0.854656 1149.2
0.857003 1071.4
0.858272 1032.54
0.859595 993.698
0.860983 838.581
0.862255 799.861
0.863474 683.846
0.865311 568.044
0.866901 490.96
0.868568 375.513
0.869796 298.665
0.87125 221.911
0.87245 145.25
0.873997 -7.79108
0.875585 -7.79108
0.878013 -45.9934
0.879729 -160.461
0.880995 -122.328
0.882306 -198.571
0.884093 -274.722
0.885401 -312.762
0.887565 -312.762
0.888908 -274.722
0.890068 -198.571
0.892004 -160.461
0.893142 -122.328
0.894493 30.4344
0.897022 68.6831
0.898292 183.569
0.900113 337.077
0.901401 490.96
0.90288 645.221
0.904226 761.166
0.905498 877.324
0.90766 954.883
0.909007 954.883
0.910415 1032.54
0.912102 1110.29
0.913398 1188.13
0.914779 1266.08
0.917124 1266.08
0.918479 1266.08
0.919812 1266.08
0.921139 1266.08
0.922415 1266.08
0.924491 1305.08
0.925723 1227.09
0.928298 1188.13
0.929628 1110.29
0.931456 1032.54
0.933131 993.698
0.934936 916.091
0.936635 799.861
0.937987 722.494
0.93926 606.621
0.940423 529.49
0.941653 490.96
0.942966 375.513
0.944203 337.077
0.945485 260.276
0.947641 145.25
0.948963 106.955
0.95038 106.955
0.951788 -7.79108
0.953241 -45.9934
0.954434 -45.9934
0.95586 -122.328
0.957407 -122.328
0.958913 -122.328
0.960155 -122.328
0.961406 -7.79108
0.963423 30.4344
0.964834 68.6831
0.967021 183.569
0.968426 298.665
0.969896 260.276
0.971349 413.972
0.973005 529.49
0.974213 645.221
0.97542 799.861
0.977621 838.581
0.979038 916.091
0.981051 993.698
0.982506 1032.54
0.983893 1110.29
0.985191 1266.08
0.987349 1344.12
0.988545 1461.36
0.989798 1461.36
0.990992 1461.36
0.992199 1539.64
0.993383 1500.49
0.995425 1461.36
0.997453 1500.49
0.998811 1422.25
1.00012 1383.17
1.00148 1305.08
1.00299 1188.13
1.00477 1110.29
1.00732 1032.54
1.00851 916.091
1.00989 877.324
1.01118 838.581
1.01252 761.166
1.01405 683.846
1.0157 606.621
1.01752 529.49
1.01894 452.454
1.02032 413.972
1.0215 375.513
1.02345 298.665
1.02474 221.911
1.02733 145.25
1.02855 68.6831
1.02976 30.4344
1.03157 30.4344
1.0331 -7.79108
1.03455 -45.9934
1.03618 30.4344
1.03764 68.6831
1.0389 145.25
1.04056 221.911
1.04187 221.911
1.04325 337.077
1.04461 413.972
1.04667 375.513
1.04796 490.96
1.04962 645.221
1.05092 568.044
1.05303 645.221
1.05422 722.494
1.05545 722.494
1.05823 916.091
1.05941 954.883
1.0606 954.883
1.06182 1110.29
1.06363 1149.2
1.06481 1071.4
1.06732 1188.13
1.06916 1149.2
1.07056 1188.13
1.07203 1266.08
1.07334 1188.13
1.07458 1149.2
1.0772 1149.2
1.07843 1110.29
1.08013 1071.4
1.08148 1071.4
1.08297 993.698
1.08418 954.883
1.08621 799.861
1.08781 722.494
1.08908 683.846
1.09026 606.621
1.09195 568.044
1.09312 490.96
1.09518 413.972
1.09715 337.077
1.09833 260.276
1.09966 183.569
1.10099 145.25
1.10353 106.955
1.10515 68.6831
1.10716 30.4344
1.10867 30.4344
1.1099 -7.79108
1.1116 68.6831
1.11288 145.25
1.11497 221.911
1.11752 337.077
1.11869 452.454
1.11997 529.49
1.12151 529.49
1.1235 645.221
1.12481 761.166
1.12734 799.861
1.12872 838.581
1.12997 916.091
1.13112 916.091
1.13246 954.883
1.13381 993.698
1.13497 954.883
1.13867 1071.4
1.14017 1110.29
1.14164 1032.54
1.14305 1149.2
1.14443 1188.13
1.14615 1110.29
1.14778 1110.29
1.14899 1110.29
1.15028 1071.4
1.15197 1071.4
1.15323 1032.54
1.15599 954.883
1.15711 954.883
1.15847 877.324
1.15968 838.581
1.16096 838.581
1.16232 799.861
1.16412 799.861
1.16639 722.494
1.16803 722.494
1.16977 761.166
1.17115 761.166
1.17325 761.166
1.17485 722.494
1.17632 568.044
1.17772 529.49
1.17911 490.96
1.18042 375.513
1.18201 375.513
1.18397 298.665
1.18538 145.25
1.18778 68.6831
1.18896 -7.79108
1.19068 -45.9934
1.19201 -45.9934
1.19339 -84.1725
1.1947 -84.1725
1.19724 -122.328
1.19856 -160.461
1.19997 -160.461
1.20125 -198.571
1.20246 -198.571
1.20373 -198.571
1.20504 -198.571
1.20753 -198.571
1.20874 -198.571
1.21005 -198.571
1.2113 -198.571
1.21253 -198.571
1.21395 -388.775
1.21529 -350.78
1.21705 -312.762
1.21832 -350.78
1.21999 -312.762
1.22133 -274.722
1.22261 -274.722
1.2246 -274.722
1.22607 -274.722
1.22801 -312.762
1.22974 -160.461
1.23331 -122.328
1.23338 -236.658
1.23458 -198.571
1.23709 -274.722
1.2386 -388.775
1.2407 -388.775
1.24232 -388.775
1.24355 -464.696
1.24483 -388.775
1.24725 -350.78
1.2488 -350.78
1.2509 -274.722
1.25232 -312.762
1.2535 -198.571
1.25501 -122.328
1.25752 -122.328
1.25901 -45.9934
1.26028 68.6831
1.26182 68.6831
1.26332 68.6831
1.2646 106.955
1.26629 183.569
1.26768 337.077
1.26896 375.513
1.27059 490.96
1.27197 606.621
1.27367 683.846
1.27536 761.166
1.27744 877.324
1.27916 993.698
1.2804 1071.4
1.28176 1188.13
1.28356 1227.09
1.28558 1266.08
1.28732 1305.08
1.28853 1344.12
1.29048 1344.12
1.29179 1344.12
1.29403 1344.12
1.29581 1344.12
1.29884 1344.12
1.30017 1305.08
1.30201 1266.08
1.30371 1305.08
1.30512 1266.08
1.30767 1227.09
1.30914 1227.09
1.31081 1227.09
1.31215 1110.29
1.31355 1110.29
1.31561 1110.29
1.31703 1032.54
1.31871 1071.4
1.32044 1032.54
1.32201 993.698
1.32397 1032.54
1.32551 993.698
1.3277 954.883
1.32993 1071.4
1.33166 1110.29
1.33415 1032.54
1.33579 1110.29
1.33731 1032.54
1.33908 954.883
1.34075 1032.54
1.34211 1032.54
1.34368 993.698
1.34505 1071.4
1.34745 1071.4
1.34876 993.698
1.35001 993.698
1.35119 916.091
1.35307 993.698
1.35433 993.698
1.35651 916.091
1.35775 916.091
1.3595 877.324
1.3607 799.861
1.36202 722.494
1.36327 722.494
1.36591 722.494
1.368 722.494
1.36943 606.621
1.37108 568.044
1.37241 529.49
1.37384 375.513
1.37513 375.513
1.37779 337.077
1.3791 298.665
1.38141 221.911
1.38282 145.25
1.38401 68.6831
1.38524 30.4344
1.38807 106.955
1.38926 145.25
1.39052 221.911
1.39202 298.665
1.3935 375.513
1.39471 452.454
1.39693 529.49
1.39814 683.846
1.39977 722.494
1.40121 761.166
1.4025 761.166
1.40406 722.494
1.40544 799.861
1.40764 838.581
1.40904 799.861
1.41064 799.861
1.41209 761.166
1.41342 645.221
1.41483 761.166
1.41712 838.581
1.41829 799.861
1.41955 916.091
1.42079 877.324
1.42198 838.581
1.42404 838.581
1.42556 799.861
1.42819 838.581
1.42947 877.324
1.4311 799.861
1.43246 877.324
1.43431 877.324
1.43583 799.861
1.43762 838.581
1.43889 799.861
1.44028 799.861
1.44157 877.324
1.44316 877.324
1.44467 877.324
1.44742 954.883
1.44869 838.581
1.45002 799.861
1.45125 877.324
1.45248 761.166
1.45405 761.166
1.45562 722.494
1.45688 606.621
1.4585 568.044
1.45971 529.49
1.46152 413.972
1.46282 375.513
1.46412 337.077
1.46566 183.569
1.4674 145.25
1.46949 68.6831
1.4714 30.4344
1.47266 -7.79108
1.47405 -45.9934
1.47568 -84.1725
1.47714 -122.328
1.47859 -122.328
1.48017 -122.328
1.4816 -122.328
1.48306 -122.328
1.48435 -122.328
1.48691 -122.328
1.48893 -84.1725
1.49047 -45.9934
1.49264 -45.9934
1.49469 -45.9934
1.49704 -45.9934
1.49864 -160.461
1.50012 -160.461
1.50139 -160.461
1.50262 -160.461
1.50421 -160.461
1.50601 -198.571
1.50765 -274.722
1.5091 -274.722
1.51068 -274.722
1.51215 -388.775
1.51352 -274.722
1.51512 -274.722
1.51743 -388.775
1.51866 -388.775
1.52069 -350.78
1.52197 -426.747
1.52318 -350.78
1.52443 -350.78
1.52599 -388.775
1.52832 -312.762
1.53062 -350.78
1.53107 -312.762
1.53311 -198.571
1.5346 -198.571
1.5367 -160.461
1.53813 -45.9934
1.53964 -7.79108
1.5412 68.6831
1.54259 183.569
1.54419 298.665
1.54572 452.454
1.54765 529.49
1.54903 683.846
1.55045 838.581
1.55166 916.091
1.55411 1032.54
1.5553 1149.2
1.55752 1227.09
1.55873 1227.09
1.55996 1266.08
1.56112 1266.08
1.56307 1344.12
1.56385 1344.12
1.56585 1305.08
1.5677 1305.08
1.56905 1305.08
1.57055 1266.08
1.57193 1227.09
1.57327 1266.08
1.57497 1266.08
1.57744 1266.08
1.57884 1188.13
1.58031 1188.13
1.58206 1188.13
1.58361 1149.2
1.58592 1149.2
1.58736 993.698
1.58928 1071.4
1.59081 1110.29
1.59208 1032.54
1.59375 1071.4
1.59529 1149.2
1.59778 1110.29
1.5992 1149.2
1.60089 1227.09
1.60214 1188.13
1.60352 1344.12
1.60479 1305.08
1.60742 1227.09
1.60867 1344.12
1.61009 1344.12
1.61131 1227.09
1.61263 1266.08
1.61405 1266.08
1.6153 1188.13
1.61755 1188.13
1.61911 1149.2
1.62115 1071.4
1.62234 1071.4
1.62368 954.883
1.6249 993.698
1.62756 993.698
1.62901 877.324
1.63025 916.091
1.63143 877.324
1.63326 838.581
1.63441 916.091
1.63609 838.581
1.63757 838.581
1.63891 799.861
1.64028 606.621
1.64148 529.49
1.64399 490.96
1.64586 337.077
1.64779 260.276
1.64937 183.569
1.65119 30.4344
1.65243 30.4344
1.65466 -45.9934
1.6566 -84.1725
1.65779 -84.1725
1.65901 -122.328
1.66108 -122.328
1.66155 -198.571
1.66365 -236.658
1.66499 -236.658
1.66746 -312.762
1.66903 -350.78
1.67053 -350.78
1.67172 -350.78
1.67299 -312.762
1.67424 -236.658
1.67556 -312.762
1.67715 -274.722
1.67848 -236.658
1.68033 -312.762
1.68229 -274.722
1.68347 -236.658
1.68505 -312.762
1.68721 -312.762
1.68868 -312.762
1.68993 -350.78
1.69155 -236.658
1.69406 -160.461
1.69458 -84.1725
1.69744 68.6831
1.699 183.569
1.7004 183.569
1.70206 337.077
1.70337 452.454
1.70468 413.972
1.70589 529.49
1.70757 645.221
1.70907 722.494
1.71059 761.166
1.71182 838.581
1.71306 877.324
1.71434 1032.54
1.71618 1149.2
1.71735 1227.09
1.71852 1383.17
1.72007 1383.17
1.72183 1461.36
1.72404 1461.36
1.72619 1461.36
1.7284 1461.36
1.72984 1422.25
1.73116 1383.17
1.73344 1305.08
1.73461 1227.09
1.73687 1188.13
1.73811 1188.13
1.73957 1071.4
1.74111 993.698
1.74234 916.091
1.7441 838.581
1.7454 799.861
1.74792 761.166
1.74939 722.494
1.75072 645.221
1.75197 568.044
1.75316 490.96
1.75444 413.972
1.75664 375.513
1.75859 375.513
1.76013 298.665
1.76137 221.911
1.7628 145.25
1.76415 68.6831
1.76535 68.6831
1.7682 30.4344
1.76938 -7.79108
1.77116 -84.1725
1.77247 -160.461
1.7737 -274.722
1.775 -312.762
1.77774 -312.762
1.77917 -388.775
1.78042 -388.775
1.78164 -426.747
1.78299 -502.622
1.78415 -502.622
1.7866 -464.696
1.78814 -502.622
1.78958 -464.696
1.79074 -426.747
1.79272 -502.622
1.79399 -426.747
1.79536 -426.747
1.79816 -502.622
1.79954 -426.747
1.80071 -426.747
1.80333 -502.622
1.80506 -388.775
1.80781 -350.78
1.80915 -312.762
1.81049 -198.571
1.81187 -122.328
1.81316 -45.9934
1.81435 106.955
1.81609 183.569
1.81757 260.276
1.8192 452.454
1.8206 529.49
1.82184 645.221
1.82302 761.166
1.82456 877.324
1.82588 954.883
1.82768 1032.54
1.82969 1071.4
1.83108 1188.13
1.83261 1227.09
1.834 1266.08
1.83648 1305.08
1.83848 1344.12
1.84019 1383.17
1.84178 1383.17
1.84313 1383.17
1.84473 1383.17
1.84598 1383.17
1.84822 1344.12
1.85015 1383.17
1.85142 1383.17
1.85272 1383.17
1.85395 1266.08
1.85573 1227.09
1.85783 1227.09
1.85974 1149.2
1.86121 1149.2
1.86234 1227.09
1.86423 1149.2
1.86563 1149.2
1.86769 1149.2
1.8692 1071.4
1.87075 1110.29
1.87221 1110.29
1.87366 1032.54
1.87505 1149.2
1.87711 1149.2
1.87835 1032.54
1.88007 1071.4
1.88146 1071.4
1.88358 1071.4
1.88507 1110.29
1.8876 1149.2
1.88939 1110.29
1.89112 1149.2
1.89211 1110.29
1.89339 1188.13
1.89475 1266.08
1.89713 1266.08
1.89866 1344.12
1.90016 1344.12
1.90139 1422.25
1.90271 1500.49
1.90425 1539.64
1.90557 1539.64
1.90823 1578.82
1.9098 1461.36
1.91137 1461.36
1.91333 1461.36
1.91464 1344.12
1.91727 1305.08
1.91854 1227.09
1.92012 1149.2
1.92142 1149.2
1.92355 1188.13
1.92497 1149.2
1.92692 1188.13
1.92846 1188.13
1.93016 1188.13
1.93137 1188.13
1.93325 1188.13
1.93458 1227.09
1.93668 1227.09
1.93816 1227.09
1.93949 1227.09
1.94115 1227.09
1.94289 1227.09
1.9441 1188.13
1.94565 1188.13
1.94716 1188.13
1.94867 1227.09
1.9509 1110.29
1.95211 1149.2
1.95428 1149.2
1.95688 1071.4
1.95837 1071.4
1.96015 1071.4
1.96148 1032.54
1.96286 1032.54
1.9644 1071.4
1.96574 1032.54
1.96772 1110.29
1.9692 1071.4
1.97055 954.883
1.97285 1032.54
1.97416 1032.54
1.97576 954.883
1.97776 1032.54
1.97925 1071.4
1.98064 993.698
1.98208 1032.54
1.98404 1071.4
1.98563 1149.2
1.98762 1266.08
1.98947 1227.09
1.99135 1305.08
1.99269 1383.17
1.99513 1383.17
1.99677 1461.36
1.99798 1500.49
1.9996 1500.49
2.0012 1578.82
2.00272 1500.49
2.00415 1500.49
2.00547 1539.64
2.00782 1461.36
2.00923 1422.25
2.01125 1422.25
2.01273 1344.12
2.01402 1344.12
2.01523 1344.12
2.01761 1266.08
2.01906 1266.08
2.02071 1266.08
2.02207 1266.08
2.02344 1266.08
2.02501 1266.08
2.02735 1305.08
2.02869 1266.08
2.03076 1266.08
2.03211 1266.08
2.03346 1227.09
2.03519 1227.09
2.03753 1227.09
2.039 1188.13
2.04027 1188.13
2.04168 1227.09
2.04367 1149.2
2.04516 1110.29
2.04784 1071.4
2.04949 993.698
2.05078 954.883
2.0521 916.091
2.05371 799.861
2.0557 761.166
2.05719 683.846
2.05869 529.49
2.06038 452.454
2.06175 413.972
2.06394 298.665
2.06558 221.911
2.06775 145.25
2.06926 30.4344
2.0708 -7.79108
2.07225 -84.1725
2.07381 -198.571
2.07536 -198.571
2.07838 -198.571
2.07952 -312.762
2.0812 -274.722
2.08244 -312.762
2.08465 -274.722
2.08644 -198.571
2.08979 -122.328
2.09078 -45.9934
2.09238 68.6831
2.09374 145.25
2.09518 183.569
2.09774 375.513
2.09963 490.96
2.10089 645.221
2.10218 761.166
2.10358 877.324
2.10524 954.883
2.10691 1032.54
2.10862 1071.4
2.11022 1071.4
2.11141 1188.13
2.11325 1188.13
2.11502 1266.08
2.11705 1266.08
2.11864 1227.09
2.1207 1227.09
2.12259 1227.09
2.12422 1227.09
2.1253 1227.09
2.12753 1266.08
2.12973 1188.13
2.13106 1149.2
2.13328 1071.4
2.13492 1032.54
2.1373 993.698
2.1387 916.091
2.13998 838.581
2.14127 761.166
2.14256 722.494
2.14384 568.044
2.14581 490.96
2.14717 413.972
2.14881 298.665
2.15042 221.911
2.15207 145.25
2.15351 68.6831
2.15473 30.4344
2.15703 -84.1725
2.15873 -198.571
2.16042 -160.461
2.16159 -236.658
2.16368 -236.658
2.16515 -236.658
2.16755 -236.658
2.16914 -236.658
2.17065 -274.722
2.17223 -312.762
2.17368 -388.775
2.17578 -350.78
2.17781 -350.78
2.17966 -236.658
2.18097 -198.571
2.18211 -198.571
2.18413 -122.328
2.18569 -122.328
2.18907 -122.328
2.19101 -45.9934
2.19284 68.6831
2.19487 68.6831
2.19725 145.25
2.19841 68.6831
2.19967 30.4344
2.20112 68.6831
2.20282 30.4344
2.20462 30.4344
2.20626 106.955
2.20781 106.955
2.20955 183.569
2.21077 298.665
2.21214 337.077
2.21345 337.077
2.21653 452.454
2.21814 529.49
2.22014 645.221
2.22258 799.861
2.22307 916.091
2.22445 954.883
2.22583 1032.54
2.22862 1032.54
2.22992 993.698
2.23175 1149.2
2.23306 1188.13
2.23472 1188.13
2.23713 1188.13
2.23908 1188.13
2.24031 1149.2
2.24222 1188.13
2.24351 1188.13
2.24515 1110.29
2.24958 1110.29
2.25095 1071.4
2.25215 993.698
2.25337 954.883
2.25548 877.324
2.25772 799.861
2.25899 722.494
2.2609 606.621
2.26222 490.96
2.26391 490.96
2.26517 375.513
2.26725 298.665
2.26873 260.276
2.27023 145.25
2.27215 106.955
2.27373 68.6831
2.27503 -7.79108
2.27737 -45.9934
2.27858 -45.9934
2.27982 -7.79108
2.281 30.4344
2.28218 -45.9934
2.28404 -7.79108
2.28571 30.4344
2.28692 -7.79108
2.28897 -45.9934
2.29089 -7.79108
2.29326 -7.79108
2.29474 -45.9934
2.29592 -122.328
2.29713 -84.1725
2.29869 -45.9934
2.30016 -122.328
2.30171 -122.328
2.30318 -84.1725
2.30467 -84.1725
2.3068 -84.1725
2.30826 -45.9934
2.31045 -45.9934
2.31159 -45.9934
2.31364 -45.9934
2.31489 -7.79108
2.31714 -7.79108
2.31832 30.4344
2.31989 -7.79108
2.32137 -7.79108
2.32258 -7.79108
2.3239 -45.9934
2.32669 -45.9934
2.32823 -45.9934
2.32992 -84.1725
2.33122 -122.328
2.3328 -122.328
2.33427 -122.328
2.33577 -312.762
2.3373 -312.762
2.33883 -312.762
2.34003 -350.78
2.34129 -350.78
2.34249 -388.775
2.34373 -426.747
2.34488 -388.775
2.34715 -388.775
2.34876 -464.696
2.35016 -274.722
2.35232 -274.722
2.35389 -388.775
2.35512 -350.78
2.35722 -312.762
2.35873 -350.78
2.3602 -312.762
2.36193 -350.78
2.36567 -312.762
2.36573 -236.658
2.36732 -198.571
2.36883 -160.461
2.37039 -7.79108
2.37173 68.6831
2.37378 145.25
2.37506 298.665
2.37716 413.972
2.37832 529.49
2.38012 606.621
2.38135 722.494
2.38261 722.494
2.384 838.581
2.3857 954.883
2.38764 1032.54
2.38927 1071.4
2.39089 1188.13
2.3922 1227.09
2.39367 1305.08
2.39483 1344.12
2.39791 1383.17
2.39933 1500.49
2.40077 1500.49
2.40281 1422.25
2.40493 1383.17
2.40719 1344.12
2.40846 1266.08
2.41046 1227.09
2.41167 1149.2
2.4129 1110.29
2.41416 993.698
2.4164 916.091
2.41752 838.581
2.41937 799.861
2.42078 683.846
2.42226 606.621
2.4236 529.49
2.42482 413.972
2.42726 337.077
2.42859 221.911
2.43035 106.955
2.43174 -7.79108
2.43301 -84.1725
2.43432 -198.571
2.43616 -198.571
2.43769 -198.571
2.43912 -274.722
2.44068 -198.571
2.44192 -198.571
2.44412 -122.328
2.4453 -7.79108
2.44761 145.25
2.44909 145.25
2.45145 298.665
2.45228 413.972
2.45351 375.513
2.45519 568.044
2.45786 645.221
2.45923 761.166
2.46139 838.581
2.46274 916.091
2.4643 954.883
2.46609 1110.29
2.4679 1149.2
2.46957 1227.09
2.47133 1383.17
2.47266 1422.25
2.47386 1539.64
2.47669 1500.49
2.47791 1500.49
2.47973 1500.49
2.48095 1500.49
2.48273 1500.49
2.48439 1500.49
2.48576 1461.36
2.48766 1422.25
2.48912 1344.12
2.49047 1188.13
2.49171 1149.2
2.49382 1071.4
2.49586 993.698
2.49729 916.091
2.49874 838.581
2.50014 799.861
2.50162 722.494
2.50303 606.621
2.50425 529.49
2.50555 452.454
2.50767 413.972
2.50923 375.513
2.51086 337.077
2.5121 298.665
2.51419 260.276
2.51541 183.569
2.51795 106.955
2.51972 106.955
2.5214 68.6831
2.52268 30.4344
2.52383 -7.79108
2.52508 -160.461
2.52725 -198.571
2.52881 -236.658
2.53025 -350.78
2.53151 -350.78
2.53298 -350.78
2.53432 -426.747
2.53692 -426.747
2.53816 -464.696
2.53964 -464.696
2.54089 -350.78
2.54276 -350.78
2.54402 -426.747
2.54622 -350.78
2.54746 -388.775
2.54966 -464.696
2.55151 -350.78
2.55271 -350.78
2.5549 -388.775
2.55609 -388.775
2.55765 -388.775
2.55884 -388.775
2.56021 -312.762
2.56174 -312.762
2.56345 -198.571
2.56486 -84.1725
2.56696 -160.461
2.56911 -122.328
2.57052 -45.9934
2.57191 -45.9934
2.57312 -7.79108
2.5744 -7.79108
2.57665 -45.9934
2.57784 -45.9934
2.57914 -160.461
2.58032 -198.571
2.58159 -122.328
2.58284 -122.328
2.58474 -122.328
2.58641 -122.328
2.58862 -122.328
2.58988 -160.461
2.59178 -160.461
2.59506 -160.461
2.59873 -122.328
2.60047 -45.9934
2.60181 -7.79108
2.60322 30.4344
2.60543 106.955
2.60705 183.569
2.60841 145.25
2.60987 260.276
2.61115 413.972
2.61238 413.972
2.61363 529.49
2.61495 568.044
2.61736 529.49
2.61863 606.621
2.62053 606.621
2.62171 568.044
2.62306 722.494
2.62501 799.861
2.62738 761.166
2.62902 877.324
2.63043 877.324
2.63173 838.581
2.63301 954.883
2.63423 954.883
2.63542 954.883
2.63772 1032.54
2.63893 993.698
2.64013 954.883
2.64213 954.883
2.64336 993.698
2.64456 1071.4
2.64577 1149.2
2.64817 1110.29
2.6501 1149.2
2.65165 1227.09
2.653 1227.09
2.65444 1305.08
2.65593 1305.08
2.6577 1344.12
2.65945 1383.17
2.6608 1344.12
2.66227 1344.12
2.66385 1422.25
2.66528 1422.25
2.66685 1383.17
2.66834 1422.25
2.66993 1383.17
2.67119 1422.25
2.6727 1461.36
2.67391 1422.25
2.67508 1383.17
2.67779 1344.12
2.67901 1305.08
2.68024 1266.08
2.6827 1344.12
2.6848 1344.12
2.68549 1305.08
2.68805 1305.08
2.68936 1305.08
2.69069 1305.08
2.69189 1344.12
2.6933 1383.17
2.6948 1383.17
2.69701 1422.25
2.69833 1383.17
2.69983 1266.08
2.70125 1305.08
2.70284 1305.08
2.70425 1227.09
2.70553 1227.09
2.70764 1227.09
2.7092 1149.2
2.71117 1149.2
2.71268 1071.4
2.71385 1032.54
2.7158 1110.29
2.71809 1071.4
2.7187 954.883
2.72045 993.698
2.7215 954.883
2.72296 838.581
2.72484 916.091
2.72745 916.091
2.72886 838.581
2.73046 877.324
2.73184 877.324
2.73328 954.883
2.73551 1071.4
2.73707 1032.54
2.73826 1110.29
2.7395 1266.08
2.74126 1227.09
2.74251 1266.08
2.74426 1383.17
2.74545 1383.17
2.74769 1500.49
2.74928 1422.25
2.75146 1383.17
2.75218 1422.25
2.75422 1383.17
2.75506 1344.12
2.75708 1344.12
2.7583 1266.08
2.75973 1227.09
2.76106 1188.13
2.76229 1110.29
2.76453 1149.2
2.7653 1188.13
2.76751 1188.13
2.76883 1188.13
2.77054 1188.13
2.77181 1188.13
2.77386 1227.09
2.77515 1266.08
2.77734 1305.08
2.77878 1266.08
2.7799 1266.08
2.7813 1266.08
2.78368 1227.09
2.78432 1227.09
2.78557 1227.09
2.78811 1227.09
2.78959 1227.09
2.79089 1227.09
2.79231 1227.09
2.79377 1266.08
2.79525 1266.08
2.79729 1149.2
2.79895 1227.09
2.79994 1227.09
2.80126 1149.2
2.80339 1227.09
2.80455 1266.08
2.80625 1227.09
2.80769 1188.13
2.8097 1188.13
2.8109 1110.29
2.81276 1227.09
2.81402 1188.13
2.81679 1110.29
2.81788 1227.09
2.81952 1227.09
2.82088 1110.29
2.82277 1110.29
2.82401 1149.2
2.82585 1110.29
2.82816 1149.2
2.82945 1110.29
2.83083 1110.29
2.83208 1149.2
2.83391 1071.4
2.8351 993.698
2.83732 993.698
2.83845 954.883
2.84007 877.324
2.84127 838.581
2.84239 799.861
2.8443 761.166
2.84549 722.494
2.84772 645.221
2.85083 568.044
2.85149 490.96
2.85354 452.454
2.85486 413.972
2.8573 375.513
2.85859 337.077
2.86047 260.276
2.86179 183.569
2.86333 145.25
2.86488 106.955
2.86647 68.6831
2.86906 30.4344
2.87063 -7.79108
2.87196 -45.9934
2.87319 -122.328
2.87431 -160.461
2.87557 -160.461
2.87781 -274.722
2.87913 -312.762
2.88036 -312.762
2.88439 -388.775
2.8848 -350.78
2.88766 -312.762
2.88817 -350.78
2.88957 -312.762
2.89121 -350.78
2.89287 -426.747
2.89425 -274.722
2.89551 -236.658
2.89798 -274.722
2.89929 -198.571
2.90054 -198.571
2.9018 -236.658
2.90309 -236.658
2.90432 -236.658
2.90558 -198.571
2.90775 -122.328
2.90895 -160.461
2.91112 -84.1725
2.9123 -7.79108
2.91382 -45.9934
2.91513 -7.79108
2.9175 -7.79108
2.91878 30.4344
2.92056 106.955
2.92204 68.6831
2.92321 68.6831
2.92451 145.25
2.92578 -7.79108
2.92784 -7.79108
2.92934 106.955
2.93081 68.6831
2.93213 30.4344
2.93344 68.6831
2.93481 -7.79108
2.93744 30.4344
2.93867 30.4344
2.94026 30.4344
2.94153 145.25
2.94273 183.569
2.944 221.911
2.94574 298.665
2.94709 452.454
2.94838 568.044
2.9502 683.846
2.95169 838.581
2.95314 954.883
2.95455 954.883
2.95584 1071.4
2.95797 1188.13
2.95927 1188.13
2.96062 1188.13
2.96237 1227.09
2.96363 1188.13
2.96509 1188.13
2.967 1188.13
2.96826 1188.13
2.9702 1266.08
2.97165 1227.09
2.97283 1071.4
2.9754 1110.29
2.97703 1149.2
2.97822 1071.4
2.97948 1032.54
2.9807 993.698
2.98281 916.091
2.98415 877.324
2.98659 799.861
2.98783 683.846
2.98912 683.846
2.99081 606.621
2.99211 452.454
2.99392 413.972
2.99537 375.513
2.99706 260.276
2.99838 183.569
2.99983 106.955
3.00107 145.25
3.00269 106.955
3.0039 68.6831
3.00573 68.6831
3.00699 106.955
3.00819 68.6831
3.00974 106.955
3.01113 145.25
3.01272 145.25
3.01395 221.911
3.01521 221.911
3.01724 337.077
3.01858 452.454
3.01992 529.49
3.02127 606.621
3.02275 761.166
3.02455 838.581
3.02662 954.883
3.02778 1071.4
3.02937 1149.2
3.03097 1188.13
3.03222 1227.09
3.03349 1227.09
3.03503 1227.09
3.03728 1266.08
3.0385 1266.08
3.03968 1266.08
3.04087 1266.08
3.04208 1305.08
3.04328 1305.08
3.04463 1344.12
3.0467 1305.08
3.0479 1305.08
3.04943 1266.08
3.05089 1227.09
3.05225 1188.13
3.05363 1110.29
3.0548 1071.4
3.0569 993.698
3.05827 916.091
3.05949 799.861
3.0612 683.846
3.06292 645.221
3.06433 568.044
3.06564 452.454
3.06783 375.513
3.06913 298.665
3.0711 221.911
3.07228 145.25
3.07353 30.4344
3.07482 -84.1725
3.07723 -84.1725
3.07867 -160.461
3.08 -274.722
3.08146 -274.722
3.08271 -274.722
3.08491 -274.722
3.08742 -274.722
3.08884 -312.762
3.09014 -274.722
3.09189 -236.658
3.09314 -274.722
3.09535 -198.571
3.09709 -122.328
3.09826 -122.328
3.09941 -84.1725
3.10061 -45.9934
3.10213 -84.1725
3.10337 -7.79108
3.10462 -7.79108
3.10634 30.4344
3.10768 106.955
3.10904 30.4344
3.11062 68.6831
3.11232 68.6831
3.11442 -7.79108
3.11546 -45.9934
3.11778 30.4344
3.1191 -7.79108
3.12064 -7.79108
3.12181 -45.9934
3.12328 -84.1725
3.12482 -84.1725
3.12748 -122.328
3.12889 -122.328
3.13029 -160.461
3.13156 -160.461
3.13373 -236.658
3.13506 -236.658
3.1373 -274.722
3.13853 -274.722
3.14025 -312.762
3.1415 -312.762
3.14268 -312.762
3.1439 -426.747
3.14511 -388.775
3.14721 -350.78
3.14854 -388.775
3.15026 -350.78
3.15161 -312.762
3.15335 -350.78
3.15462 -388.775
3.15684 -388.775
3.15833 -464.696
3.15974 -350.78
3.16142 -312.762
3.16279 -312.762
3.16409 -198.571
3.16577 -160.461
3.16787 -198.571
3.16927 -84.1725
3.17073 68.6831
3.17199 68.6831
3.17322 221.911
3.17441 337.077
3.17677 413.972
3.17802 529.49
3.17981 606.621
3.18134 683.846
3.18307 877.324
3.18436 993.698
3.18705 1110.29
3.18826 1305.08
3.18979 1383.17
3.19128 1461.36
3.1929 1500.49
3.19435 1500.49
3.19584 1578.82
3.1972 1578.82
3.19889 1539.64
3.20018 1461.36
3.20281 1383.17
3.20409 1305.08
3.20628 1266.08
3.20752 1188.13
3.20876 1110.29
3.21108 1032.54
3.21221 916.091
3.2134 838.581
3.21484 761.166
3.21681 722.494
3.21901 645.221
3.22036 568.044
3.22175 490.96
3.223 413.972
3.22488 375.513
3.22691 337.077
3.22834 260.276
3.22973 183.569
3.23199 183.569
3.23316 106.955
3.23537 68.6831
3.23653 30.4344
3.23832 106.955
3.23952 145.25
3.24123 183.569
3.2425 260.276
3.24376 375.513
3.24509 490.96
3.24742 490.96
3.24842 645.221
3.25009 799.861
3.25162 838.581
3.25369 877.324
3.25487 954.883
3.25742 954.883
3.25879 954.883
3.26024 993.698
3.26186 954.883
3.26337 1071.4
3.26475 1071.4
3.26691 993.698
3.26812 1110.29
3.27029 1071.4
3.2716 1110.29
3.27373 1188.13
3.27506 1266.08
3.27776 1266.08
3.27899 1344.12
3.28027 1344.12
3.28178 1305.08
3.28392 1383.17
3.28533 1344.12
3.2884 1344.12
3.2899 1266.08
3.29125 1227.09
3.29304 1149.2
3.29431 1110.29
3.29644 1071.4
3.29845 1071.4
3.29975 1110.29
3.30178 1071.4
3.30305 1110.29
3.30441 1149.2
3.30606 1110.29
3.30737 1110.29
3.30881 1110.29
3.31038 1149.2
3.31266 1227.09
3.31369 1266.08
3.31512 1266.08
3.31806 1266.08
3.31939 1227.09
3.32139 1188.13
3.32326 1227.09
3.32437 1227.09
3.32703 1188.13
3.32829 1149.2
3.33007 1071.4
3.33141 916.091
3.33288 838.581
3.33407 799.861
3.33571 683.846
3.33687 606.621
3.33824 529.49
3.33956 413.972
3.34135 337.077
3.34256 260.276
3.3438 145.25
3.34503 106.955
3.34748 30.4344
3.3488 -122.328
3.35135 -84.1725
3.35263 -160.461
3.35402 -160.461
3.35557 -160.461
3.35765 -122.328
3.35903 -198.571
3.3606 -198.571
3.36187 -198.571
3.36321 -122.328
3.36462 -45.9934
3.36647 -122.328
3.36783 -7.79108
3.36921 -45.9934
3.37068 -45.9934
3.37196 -7.79108
3.37325 30.4344
3.37453 30.4344
3.37701 106.955
3.37825 30.4344
3.37971 30.4344
3.38107 106.955
3.38226 30.4344
3.38464 30.4344
3.38644 30.4344
3.38784 -7.79108
3.38943 -7.79108
3.39086 -7.79108
3.39244 -7.79108
3.39376 68.6831
3.39547 145.25
3.39735 221.911
3.39876 337.077
3.40021 452.454
3.40143 606.621
3.4027 645.221
3.404 761.166
3.40522 916.091
3.40728 916.091
3.40862 916.091
3.4101 993.698
3.4124 993.698
3.41329 1032.54
3.41461 1032.54
3.41699 954.883
3.41833 1032.54
3.41982 1071.4
3.42111 993.698
3.42236 1071.4
3.42371 1149.2
3.42549 1071.4
3.42729 1071.4
3.42869 1071.4
3.43047 1071.4
3.43179 1149.2
3.43297 1149.2
3.43422 1071.4
3.4363 1149.2
3.43756 1110.29
3.43931 1032.54
3.44047 1071.4
3.44211 1071.4
3.44337 954.883
3.44561 954.883
3.44708 954.883
3.44827 993.698
3.45039 1071.4
3.45182 1071.4
3.45309 1149.2
3.4544 1110.29
3.4565 1149.2
3.45777 1227.09
3.4594 1344.12
3.46097 1422.25
3.46265 1500.49
3.46391 1500.49
3.46607 1500.49
3.46728 1500.49
3.46845 1461.36
3.47004 1578.82
3.47199 1539.64
3.4732 1461.36
3.47491 1422.25
3.4776 1344.12
3.4787 1227.09
3.48086 1149.2
3.48313 1071.4
3.48497 993.698
3.48722 916.091
3.48898 838.581
3.49033 799.861
3.49191 722.494
3.49321 683.846
3.49548 606.621
3.49696 529.49
3.49822 452.454
3.4996 413.972
3.50086 337.077
3.5028 260.276
3.50404 183.569
3.50588 106.955
3.50709 106.955
3.50879 30.4344
3.51113 -7.79108
3.51179 -45.9934
3.51333 -84.1725
3.51518 -274.722
3.51751 -274.722
3.51868 -312.762
3.52039 -350.78
3.52185 -312.762
3.52344 -350.78
3.52497 -388.775
3.52676 -350.78
3.52818 -312.762
3.52978 -350.78
3.53114 -198.571
3.533 -160.461
3.5343 -198.571
3.53628 -160.461
3.5375 -160.461
3.53928 -198.571
3.54046 -122.328
3.54164 -122.328
3.54282 -122.328
3.54411 -84.1725
3.54692 -122.328
3.54828 -160.461
3.54982 -122.328
3.551 -122.328
3.55226 -84.1725
3.55394 -7.79108
3.55543 -84.1725
3.55749 -84.1725
3.55884 -84.1725
3.56012 -84.1725
3.56141 -45.9934
3.56264 -45.9934
3.56429 30.4344
3.56579 68.6831
3.56722 -7.79108
3.56883 -45.9934
3.57065 -7.79108
3.572 -45.9934
3.57335 -84.1725
3.57483 -84.1725
3.57633 -45.9934
3.57781 -45.9934
3.57911 -84.1725
3.58091 -122.328
3.5823 -122.328
3.58422 -122.328
3.58588 -122.328
3.58761 -122.328
3.58971 -122.328
3.59143 -160.461
3.59289 -198.571
3.59437 -198.571
3.59658 -160.461
3.59788 -274.722
3.59932 -236.658
3.6005 -198.571
3.60188 -236.658
3.60309 -236.658
3.60552 -198.571
3.60695 -198.571
3.60828 -198.571
3.61046 -160.461
3.61202 -236.658
3.61307 -84.1725
3.61433 -122.328
3.61598 -236.658
3.61733 -160.461
3.61891 -160.461
3.62073 -198.571
3.62255 -198.571
3.6239 -198.571
3.6255 -312.762
3.62736 -274.722
3.62872 -312.762
3.63068 -236.658
3.63192 -160.461
3.63315 -198.571
3.63441 -122.328
3.63717 -84.1725
3.63847 -7.79108
3.64035 68.6831
3.64157 145.25
3.6428 145.25
3.64419 260.276
3.647 183.569
3.6483 145.25
3.64997 221.911
3.65135 183.569
3.65261 145.25
3.65472 145.25
3.65677 68.6831
3.65844 30.4344
3.65979 30.4344
3.66114 -84.1725
3.66237 -84.1725
3.66372 -45.9934
3.6659 -122.328
3.66707 -160.461
3.66896 -160.461
3.67073 -160.461
3.67218 -160.461
3.67334 -84.1725
3.67451 -84.1725
3.67683 -122.328
3.67807 -122.328
3.67951 -84.1725
3.68075 -84.1725
3.68216 -84.1725
3.6839 -84.1725
3.68518 -160.461
3.68745 -122.328
3.68922 -122.328
3.69104 -198.571
3.6924 -198.571
3.69457 -198.571
3.69676 -160.461
3.698 -84.1725
3.69994 -7.79108
3.70125 68.6831
3.70287 183.569
3.70423 221.911
3.70643 183.569
3.70762 337.077
3.70975 490.96
3.71106 490.96
3.71241 529.49
3.71446 606.621
3.71668 568.044
3.718 645.221
3.71936 722.494
3.72101 722.494
3.72235 877.324
3.72428 954.883
3.726 1032.54
3.72745 1227.09
3.72896 1266.08
3.7306 1305.08
3.7318 1461.36
3.73305 1461.36
3.73545 1461.36
3.73673 1539.64
3.7384 1539.64
3.73962 1539.64
3.74121 1500.49
3.74252 1461.36
3.74393 1461.36
3.74524 1422.25
3.74742 1383.17
3.74894 1383.17
3.75032 1383.17
3.75157 1383.17
3.75373 1383.17
3.75528 1383.17
3.75762 1383.17
3.75918 1422.25
3.76045 1461.36
3.76188 1461.36
3.76313 1461.36
3.76544 1500.49
3.7668 1461.36
3.76836 1461.36
3.7703 1461.36
3.77161 1422.25
3.77284 1422.25
3.77407 1383.17
3.77637 1344.12
3.7784 1305.08
3.77974 1266.08
3.78095 1110.29
3.78233 1149.2
3.78459 1110.29
3.78706 1032.54
3.78839 1071.4
3.78992 1071.4
3.79147 993.698
3.7929 993.698
3.79423 1032.54
3.79646 993.698
3.79765 1110.29
3.79888 1110.29
3.80014 1071.4
3.80184 1149.2
3.80308 1149.2
3.80491 1071.4
3.8068 1149.2
3.80814 1110.29
3.8096 1071.4
3.81142 1071.4
3.81319 993.698
3.81473 916.091
3.81708 916.091
3.81833 838.581
3.81976 877.324
3.82127 877.324
3.82299 799.861
3.82442 838.581
3.82671 761.166
3.82794 761.166
3.82954 838.581
3.83134 838.581
3.83263 838.581
3.83383 838.581
3.83551 722.494
3.83737 683.846
3.83856 645.221
3.84032 490.96
3.84157 452.454
3.84282 413.972
3.84414 298.665
3.84541 221.911
3.84745 145.25
3.84892 183.569
3.85041 183.569
3.85179 221.911
3.85306 298.665
3.85452 337.077
3.85708 452.454
3.859 529.49
3.8604 529.49
3.8618 683.846
3.86316 838.581
3.86483 838.581
3.86688 916.091
3.86807 993.698
3.8694 954.883
3.8711 1071.4
3.87238 1110.29
3.87363 1071.4
3.87584 1149.2
3.8771 1110.29
3.87845 1032.54
3.87983 1032.54
3.88118 1032.54
3.88356 916.091
3.88558 877.324
3.8868 838.581
3.88816 761.166
3.8894 761.166
3.89083 722.494
3.89258 645.221
3.8939 645.221
3.89531 606.621
3.89803 452.454
3.89925 452.454
3.90083 413.972
3.90211 413.972
3.90437 337.077
3.90631 298.665
3.90779 337.077
3.90935 298.665
3.91116 221.911
3.91238 260.276
3.91438 260.276
3.91571 221.911
3.91792 337.077
3.91898 221.911
3.92047 221.911
3.92177 298.665
3.9234 183.569
3.92494 183.569
3.92746 145.25
3.92913 30.4344
3.93054 -7.79108
3.93176 -7.79108
3.93302 -122.328
3.93441 -160.461
3.93594 -198.571
3.93844 -312.762
3.93974 -312.762
3.94096 -312.762
3.94264 -274.722
3.94344 -274.722
3.94483 -274.722
3.94694 -312.762
3.94851 -350.78
3.95045 -350.78
3.95139 -350.78
3.95339 -388.775
3.95476 -350.78
3.95714 -312.762
3.95854 -312.762
3.9598 -274.722
3.96104 -236.658
3.96235 -198.571
3.96349 -198.571
3.96591 -198.571
3.96715 -160.461
3.96848 -160.461
3.97074 -198.571
3.972 -312.762
3.97382 -312.762
3.97551 -312.762
3.97691 -388.775
3.97847 -350.78
3.9799 -312.762
3.98208 -350.78
3.98329 -312.762
3.98502 -274.722
3.98742 -312.762
3.98923 -198.571
3.99054 -160.461
3.99186 -236.658
3.99349 -160.461
3.99501 -160.461
3.99667 -198.571
3.99834 -122.328
3.9995 -160.461
4.00133 -198.571
4.00254 -160.461
4.00386 -198.571
4.00505 -236.658
4.00742 -160.461
4.00909 -198.571
4.01053 -198.571
4.01193 -198.571
4.01329 -236.658
4.0156 -236.658
4.01695 -160.461
4.01862 -122.328
4.02001 -122.328
4.02245 -122.328
4.024 -198.571
4.02523 -122.328
4.02748 -160.461
4.02879 -160.461
4.03041 -84.1725
4.03174 -45.9934
4.03283 -84.1725
4.03398 -160.461
4.03521 -122.328
4.03737 -122.328
4.03858 -84.1725
4.04026 -122.328
4.04173 -122.328
4.04295 -122.328
4.04422 -160.461
4.04584 -236.658
4.04754 -236.658
4.04879 -198.571
4.05111 -350.78
4.05313 -350.78
4.05468 -312.762
4.05697 -388.775
4.05823 -350.78
4.05953 -312.762
4.06192 -350.78
4.06315 -312.762
4.06435 -312.762
4.06564 -350.78
4.06781 -236.658
4.06917 -236.658
4.07065 -350.78
4.07187 -274.722
4.07352 -312.762
4.07467 -426.747
4.07751 -388.775
4.07884 -350.78
4.08053 -312.762
4.08168 -236.658
4.08338 -198.571
4.08561 -122.328
4.08771 30.4344
4.08915 106.955
4.09044 183.569
4.09252 375.513
4.09375 490.96
4.09592 606.621
4.0973 722.494
4.0984 838.581
4.0996 954.883
4.10145 1032.54
4.10281 1071.4
4.10406 1188.13
4.10528 1266.08
4.10765 1344.12
4.1087 1422.25
4.11053 1422.25
4.11269 1422.25
4.11392 1422.25
4.11539 1383.17
4.11726 1344.12
4.11894 1383.17
4.12067 1305.08
4.12205 1266.08
4.12336 1266.08
4.12466 1227.09
4.12743 1188.13
4.1285 1149.2
4.1307 1149.2
4.13186 1149.2
4.13303 1149.2
4.13426 1149.2
4.13642 1149.2
4.13766 1188.13
4.13933 1188.13
4.14054 1032.54
4.14253 1032.54
4.14373 1071.4
4.14595 993.698
4.14743 1032.54
4.14861 1071.4
4.1498 993.698
4.15145 1032.54
4.15281 954.883
4.15446 877.324
4.1573 954.883
4.15895 916.091
4.16019 838.581
4.16191 838.581
4.16317 761.166
4.16539 645.221
4.16696 606.621
4.16814 490.96
4.16963 337.077
4.17121 260.276
4.17231 221.911
4.17356 145.25
4.17485 106.955
4.17704 68.6831
4.17834 106.955
4.18062 30.4344
4.18201 30.4344
4.18347 68.6831
4.18505 183.569
4.18662 183.569
4.18792 260.276
4.18967 221.911
4.19111 183.569
4.19232 145.25
4.19351 -7.79108
4.19588 -7.79108
4.19727 -45.9934
4.19892 -122.328
4.20008 -160.461
4.20183 -160.461
4.20303 -236.658
4.20468 -236.658
4.20587 -236.658
4.20806 -236.658
4.20969 -198.571
4.21125 -160.461
4.21246 -122.328
4.21405 -84.1725
4.2156 -45.9934
4.2177 -45.9934
4.219 -84.1725
4.22077 -45.9934
4.22215 -45.9934
4.22348 -84.1725
4.22544 -45.9934
4.22694 -45.9934
4.22812 -84.1725
4.22993 -122.328
4.23144 -160.461
4.23281 -160.461
4.23396 -160.461
4.2359 -160.461
4.23714 -274.722
4.23838 -236.658
4.23969 -274.722
4.24094 -350.78
4.24311 -312.762
4.2444 -312.762
4.24666 -388.775
4.24796 -388.775
4.24988 -388.775
4.25154 -464.696
4.25317 -350.78
4.2545 -350.78
4.25713 -426.747
4.25837 -350.78
4.25954 -350.78
4.26081 -426.747
4.26241 -312.762
4.26361 -350.78
4.26565 -350.78
4.26723 -236.658
4.26854 -198.571
4.27008 -160.461
4.27201 -7.79108
4.27308 68.6831
4.27449 106.955
4.27717 260.276
4.27842 337.077
4.27974 490.96
4.28147 606.621
4.28298 722.494
4.285 838.581
4.28716 954.883
4.28846 1032.54
4.29025 1110.29
4.29224 1188.13
4.29342 1266.08
4.29538 1305.08
4.29657 1305.08
4.29801 1305.08
4.29917 1344.12
4.30038 1344.12
4.30245 1383.17
4.30341 1383.17
4.30474 1383.17
4.30705 1383.17
4.30834 1344.12
4.30974 1305.08
4.31138 1305.08
4.31294 1344.12
4.31445 1305.08
4.31631 1188.13
4.31745 1110.29
4.31922 1149.2
4.32049 1071.4
4.32179 1071.4
4.32312 1071.4
4.32555 1032.54
4.32678 1071.4
4.32819 1110.29
4.32991 1032.54
4.33162 1149.2
4.33322 1188.13
4.33444 1071.4
4.33703 1149.2
4.33956 1149.2
4.33969 1110.29
4.34087 1188.13
4.34225 1188.13
4.344 1149.2
4.34525 1227.09
4.34748 1188.13
4.34896 1110.29
4.35046 1188.13
4.35167 1188.13
4.35352 1266.08
4.35489 1344.12
4.3589 1305.08
4.35915 1383.17
4.36112 1344.12
4.36246 1344.12
4.36389 1461.36
4.36526 1539.64
4.36744 1539.64
4.36869 1578.82
4.37085 1500.49
4.37278 1461.36
4.37376 1539.64
4.37612 1461.36
4.37749 1500.49
4.37876 1461.36
4.38095 1383.17
4.38245 1383.17
4.38394 1344.12
4.38557 1266.08
4.38746 1188.13
4.38969 1149.2
4.39122 1071.4
4.39251 993.698
4.39364 916.091
4.39589 877.324
4.39707 799.861
4.39827 722.494
4.39948 645.221
4.40071 568.044
4.40284 529.49
4.40408 490.96
4.40531 413.972
4.40778 375.513
4.40912 337.077
4.41058 260.276
4.41192 221.911
4.41341 183.569
4.4148 -7.79108
4.41706 -45.9934
4.41843 -84.1725
4.42005 -122.328
4.4216 -84.1725
4.42296 -7.79108
4.42452 68.6831
4.4259 221.911
4.42748 337.077
4.42869 337.077
4.42994 606.621
4.43153 761.166
4.43306 838.581
4.43422 993.698
4.43555 1071.4
4.43806 1032.54
4.43943 1071.4
4.44091 1071.4
4.44267 993.698
4.44409 1110.29
4.44533 1149.2
4.44757 1227.09
4.44896 1266.08
4.45052 1266.08
4.452 1344.12
4.45337 1422.25
4.45499 1422.25
4.45698 1422.25
4.45828 1500.49
4.46014 1461.36
4.46146 1422.25
4.4627 1305.08
4.46441 1344.12
4.46565 1305.08
4.46798 1227.09
4.47029 1188.13
4.47168 1188.13
4.47308 1188.13
4.47447 1149.2
4.47585 1188.13
4.47774 1227.09
4.47907 1266.08
4.48028 1227.09
4.48151 1266.08
4.48303 1266.08
4.4844 1344.12
4.4861 1344.12
4.48756 1305.08
4.48894 1344.12
4.49057 1305.08
4.49201 1266.08
4.49325 1266.08
4.49535 1266.08
4.49742 1227.09
4.49869 1188.13
4.50036 1071.4
4.50189 954.883
4.50343 916.091
4.50537 799.861
4.50725 722.494
4.5087 683.846
4.51015 606.621
4.51151 490.96
4.51293 375.513
4.51442 298.665
4.51569 183.569
4.51808 183.569
4.51976 68.6831
4.52131 -7.79108
4.52266 -45.9934
4.52392 -160.461
4.5251 -274.722
4.52742 -312.762
4.52883 -312.762
4.5304 -426.747
4.53194 -426.747
4.53402 -426.747
4.53525 -350.78
4.53843 -274.722
4.53921 -236.658
4.54065 -122.328
4.54182 -7.79108
4.5433 145.25
4.54453 221.911
4.54639 375.513
4.54783 529.49
4.54958 645.221
4.55097 761.166
4.55216 877.324
4.55349 993.698
4.55493 1071.4
4.55669 1149.2
4.55842 1149.2
4.55958 1227.09
4.56136 1305.08
4.56277 1344.12
4.56461 1344.12
4.56582 1305.08
4.5679 1305.08
4.56919 1266.08
4.57308 1188.13
4.57442 1110.29
4.57567 1071.4
4.57812 993.698
4.57941 916.091
4.58156 838.581
4.58303 761.166
4.58442 722.494
4.586 606.621
4.58757 529.49
4.58894 490.96
4.59047 337.077
4.59179 260.276
4.59342 183.569
4.59473 106.955
4.59711 -7.79108
4.59839 -84.1725
4.5999 -198.571
4.6011 -274.722
4.60233 -312.762
4.60362 -426.747
4.60485 -350.78
4.60709 -312.762
4.60866 -388.775
4.61016 -388.775
4.61238 -388.775
4.61353 -464.696
4.61474 -426.747
4.61733 -388.775
4.61908 -464.696
4.62037 -350.78
4.62287 -312.762
4.62356 -312.762
4.62494 -236.658
4.6273 -236.658
4.6286 -122.328
4.62999 -84.1725
4.63147 -84.1725
4.63276 -7.79108
4.63473 68.6831
4.63713 30.4344
4.63852 68.6831
4.63975 68.6831
4.6413 68.6831
4.64267 106.955
4.6438 30.4344
4.64505 68.6831
4.64757 68.6831
4.64904 -7.79108
4.65056 -7.79108
4.65183 -7.79108
4.65324 -84.1725
4.65458 -122.328
4.65657 -122.328
4.65783 -122.328
4.65905 -122.328
4.66028 -84.1725
4.66149 -84.1725
4.66275 -122.328
4.66396 -122.328
4.66519 -84.1725
4.66743 -122.328
4.66864 -84.1725
4.67027 -122.328
4.67225 -160.461
4.67341 -122.328
4.67457 -122.328
4.67667 -160.461
4.67803 -160.461
4.67923 -160.461
4.68046 -198.571
4.6822 -84.1725
4.68417 -45.9934
4.68605 68.6831
4.6878 145.25
4.68903 221.911
4.6906 183.569
4.69184 298.665
4.69304 413.972
4.69441 413.972
4.69648 529.49
4.6977 568.044
4.69889 529.49
4.70021 568.044
4.70139 606.621
4.70255 529.49
4.70388 683.846
4.7052 761.166
4.70729 722.494
4.70866 877.324
4.71012 916.091
4.71174 993.698
4.7135 1110.29
4.71507 1149.2
4.71773 1227.09
4.71894 1305.08
4.72084 1266.08
4.72206 1227.09
4.72331 1305.08
4.72479 1266.08
4.727 1227.09
4.72818 1149.2
4.72939 1110.29
4.73137 1032.54
4.73264 916.091
4.73381 877.324
4.73504 838.581
4.73717 799.861
4.73949 722.494
4.74054 645.221
4.74246 568.044
4.74411 490.96
4.74541 413.972
4.74755 375.513
4.74889 298.665
4.75009 221.911
4.75157 145.25
4.753 68.6831
4.75451 30.4344
4.75586 -45.9934
4.75804 -84.1725
4.75922 -122.328
4.7606 -198.571
4.76192 -350.78
4.76312 -350.78
4.76435 -350.78
4.76561 -426.747
4.76799 -464.696
4.76922 -426.747
4.77105 -464.696
4.77263 -464.696
4.77441 -426.747
4.77554 -464.696
4.77768 -350.78
4.77906 -350.78
4.78039 -426.747
4.78208 -350.78
4.78347 -312.762
4.78512 -426.747
4.78678 -312.762
4.78811 -350.78
4.78954 -464.696
4.79119 -388.775
4.79264 -350.78
4.79381 -312.762
4.79521 -198.571
4.7976 -122.328
4.79876 -45.9934
4.80043 145.25
4.80162 221.911
4.80356 375.513
4.80487 568.044
4.80714 722.494
4.80881 838.581
4.81017 916.091
4.81152 1032.54
4.81299 1149.2
4.81438 1227.09
4.81605 1266.08
4.8175 1266.08
4.81884 1305.08
4.82076 1383.17
4.82204 1422.25
4.82343 1383.17
4.82487 1422.25
4.82707 1422.25
4.82834 1344.12
4.83118 1305.08
4.83271 1305.08
4.83392 1305.08
4.83599 1266.08
4.83745 1227.09
4.83884 1149.2
4.84016 1149.2
4.84143 1110.29
4.84336 1110.29
4.84511 1110.29
4.84724 1149.2
4.84845 1149.2
4.85001 1149.2
4.85155 1188.13
4.853 1188.13
4.85439 1110.29
4.85576 1149.2
4.85742 1188.13
4.85861 1110.29
4.86057 1149.2
4.86169 1149.2
4.86342 1071.4
4.86469 1110.29
4.8669 1110.29
4.86818 1071.4
4.87012 1110.29
4.87214 1071.4
4.8732 993.698
4.87441 993.698
4.87668 916.091
4.87825 799.861
4.88008 761.166
4.88155 683.846
4.88306 568.044
4.88456 490.96
4.886 452.454
4.88755 490.96
4.88893 452.454
4.89062 375.513
4.89207 413.972
4.89351 375.513
4.89477 337.077
4.89726 375.513
4.89847 375.513
4.89974 298.665
4.90101 375.513
4.90279 221.911
4.90459 145.25
4.90563 106.955
4.90743 -7.79108
4.90913 -7.79108
4.91064 -7.79108
4.91193 -122.328
4.91339 -160.461
4.91514 -122.328
4.9177 -236.658
4.91909 -236.658
4.92078 -198.571
4.92195 -122.328
4.92326 -84.1725
4.92445 -84.1725
4.92697 -84.1725
4.92823 -84.1725
4.92942 -84.1725
4.93105 -84.1725
4.93243 -84.1725
4.93363 -84.1725
4.93489 -84.1725
4.93703 -160.461
4.93852 -198.571
4.93983 -198.571
4.94124 -160.461
4.94256 -160.461
4.94389 -160.461
4.94542 -160.461
4.94758 -160.461
4.94985 -160.461
4.95108 -274.722
4.95266 -236.658
4.95416 -236.658
4.95536 -312.762
4.95756 -350.78
4.95877 -350.78
4.96002 -426.747
4.96128 -426.747
4.96299 -388.775
4.96422 -464.696
4.96578 -388.775
4.96792 -388.775
4.96916 -464.696
4.97142 -388.775
4.97285 -388.775
4.97423 -464.696
4.97616 -388.775
4.97747 -388.775
4.97898 -388.775
4.98067 -274.722
4.98209 -198.571
4.98395 -122.328
4.98546 30.4344
4.98774 106.955
4.9891 183.569
4.99054 375.513
4.99308 490.96
4.99442 606.621
4.99565 722.494
4.9976 838.581
4.99892 954.883
5.00047 1032.54
5.002 1110.29
5.00344 1188.13
5.00567 1266.08
5.00752 1305.08
5.00893 1344.12
5.01046 1383.17
5.01174 1383.17
5.01305 1383.17
5.01452 1383.17
5.01726 1383.17
5.01848 1383.17
5.01986 1266.08
5.02116 1227.09
5.02237 1188.13
5.02362 1149.2
5.02541 1071.4
5.02797 993.698
5.02916 916.091
5.03039 799.861
5.03198 722.494
5.03353 606.621
5.03479 568.044
5.03759 490.96
5.03881 375.513
5.04051 260.276
5.04144 183.569
5.04294 106.955
5.04435 -7.79108
5.04556 -84.1725
5.04772 -122.328
5.04912 -236.658
5.05102 -274.722
5.05254 -350.78
5.05401 -426.747
5.05529 -464.696
5.05812 -464.696
5.05934 -540.526
5.06198 -540.526
5.06315 -502.622
5.06439 -616.264
5.0656 -540.526
5.06771 -502.622
5.06892 -426.747
5.07021 -350.78
5.07314 -312.762
5.07343 -236.658
5.07471 -122.328
5.07659 -45.9934
5.07793 30.4344
5.0791 145.25
5.08037 145.25
5.08195 260.276
5.08352 221.911
5.08505 221.911
5.08758 260.276
5.0902 221.911
5.0919 183.569
5.09329 145.25
5.09511 106.955
5.09698 68.6831
5.0985 106.955
5.09981 -7.79108
5.10105 -7.79108
5.10227 -7.79108
5.10432 -45.9934
5.1061 -84.1725
5.10763 -84.1725
5.10917 -84.1725
5.11051 -160.461
5.11215 -160.461
5.11348 -160.461
5.11508 -160.461
5.11733 -160.461
5.11853 -160.461
5.12004 -160.461
5.12161 -160.461
5.123 -160.461
5.12501 -198.571
5.12668 -160.461
5.12847 -160.461
5.12972 -312.762
5.13177 -312.762
5.13317 -312.762
5.13457 -312.762
5.13718 -388.775
5.13952 -388.775
5.14 -388.775
5.14257 -350.78
5.14384 -350.78
5.14512 -426.747
5.14755 -274.722
5.14896 -274.722
5.15047 -350.78
5.15175 -388.775
5.15307 -312.762
5.15454 -388.775
5.1571 -388.775
5.15856 -388.775
5.15999 -350.78
5.16122 -312.762
5.16253 -350.78
5.16386 -312.762
5.16512 -236.658
5.16744 -198.571
5.16864 -122.328
5.17058 -7.79108
5.17277 -7.79108
5.17284 -7.79108
5.17423 -45.9934
5.17593 -7.79108
5.17819 -7.79108
5.17945 -45.9934
5.18067 -84.1725
5.18205 -122.328
5.18351 -198.571
5.18489 -274.722
5.18737 -274.722
5.18873 -274.722
5.19019 -236.658
5.19168 -236.658
5.19313 -198.571
5.19514 -198.571
5.19691 -160.461
5.19836 -122.328
5.19983 -160.461
5.20111 -84.1725
5.2031 -84.1725
5.20561 -84.1725
5.20625 -84.1725
5.20766 -122.328
5.20917 -198.571
5.21068 -198.571
5.21224 -198.571
5.2138 -236.658
5.21515 -198.571
5.21773 -274.722
5.21933 -388.775
5.22077 -388.775
5.22218 -426.747
5.22392 -464.696
5.22536 -426.747
5.22841 -426.747
5.23005 -502.622
5.23211 -464.696
5.2339 -464.696
5.2353 -502.622
5.23729 -388.775
5.23874 -350.78
5.24036 -426.747
5.24214 -350.78
5.24359 -312.762
5.24566 -388.775
5.24779 -350.78
5.24969 -350.78
5.25113 -426.747
5.25302 -350.78
5.25446 -312.762
5.25575 -312.762
5.25691 -198.571
5.25813 -122.328
5.25931 -84.1725
5.26059 68.6831
5.26175 183.569
5.26294 298.665
5.26413 490.96
5.26531 568.044
5.26745 683.846
5.26868 761.166
5.26991 877.324
5.27125 954.883
5.27266 1032.54
5.27424 1110.29
5.27626 1188.13
5.2776 1227.09
5.279 1227.09
5.28052 1305.08
5.28282 1266.08
5.28413 1266.08
5.28569 1305.08
5.28706 1305.08
5.28838 1305.08
5.28969 1266.08
5.29099 1266.08
5.29236 1227.09
5.29384 1266.08
5.29523 1266.08
5.29763 1266.08
5.29884 1266.08
5.30075 1227.09
5.30196 1110.29
5.30397 1071.4
5.30545 1110.29
5.30763 1032.54
5.30915 1032.54
5.31069 1032.54
5.31196 954.883
5.31385 993.698
5.31504 1032.54
5.31722 954.883
5.31864 1071.4
5.32006 1110.29
5.32169 1032.54
5.32304 1149.2
5.32464 1149.2
5.32696 1149.2
5.3283 1188.13
5.3301 1188.13
5.33127 1149.2
5.33398 1227.09
5.33519 1266.08
5.33726 1344.12
5.33865 1422.25
5.34002 1344.12
5.34156 1461.36
5.34292 1461.36
5.34427 1422.25
5.3454 1500.49
5.34771 1500.49
5.34909 1500.49
5.35041 1539.64
5.35251 1461.36
5.35379 1461.36
5.35508 1539.64
5.35745 1383.17
5.35882 1383.17
5.36112 1500.49
5.36233 1422.25
5.36358 1383.17
5.36494 1344.12
5.36721 1227.09
5.36848 1188.13
5.37016 1149.2
5.37136 1071.4
5.3729 1071.4
5.37443 993.698
5.3758 877.324
5.37779 799.861
5.37909 761.166
5.38077 722.494
5.38216 645.221
5.38365 568.044
5.38516 490.96
5.38805 413.972
5.38959 337.077
5.3914 260.276
5.3929 183.569
5.39444 106.955
5.39587 68.6831
5.39778 -7.79108
5.39923 -45.9934
5.40071 -45.9934
5.40198 -84.1725
5.4034 -160.461
5.40563 -160.461
5.40769 -160.461
5.40893 -160.461
5.41034 -160.461
5.4117 -274.722
5.41318 -274.722
5.41446 -274.722
5.4157 -388.775
5.41768 -350.78
5.41918 -312.762
5.42067 -388.775
5.42199 -350.78
5.42373 -350.78
5.42511 -388.775
5.42715 -312.762
5.42843 -312.762
5.43 -388.775
5.43126 -312.762
5.43264 -350.78
5.43442 -274.722
5.43579 -198.571
5.43791 -236.658
5.43944 -236.658
5.44137 -198.571
5.44257 -160.461
5.44412 -160.461
5.44573 -84.1725
5.4477 -122.328
5.44926 -122.328
5.4507 -198.571
5.45214 -198.571
5.45379 -198.571
5.45514 -160.461
5.45749 -160.461
5.45878 -160.461
5.46008 -122.328
5.46136 -160.461
5.46253 -84.1725
5.46385 -84.1725
5.46506 -84.1725
5.46714 -45.9934
5.46833 -7.79108
5.4696 -45.9934
5.47092 -7.79108
5.47228 -7.79108
5.47423 -45.9934
5.4759 -7.79108
5.47771 -45.9934
5.47913 -45.9934
5.48128 -45.9934
5.48253 -84.1725
5.48385 -274.722
5.4857 -274.722
5.48731 -312.762
5.48869 -350.78
5.49018 -350.78
5.49227 -388.775
5.49387 -464.696
5.49523 -464.696
5.49734 -464.696
5.49859 -540.526
5.49986 -388.775
5.50114 -388.775
5.50248 -464.696
5.50412 -426.747
5.50541 -388.775
5.50785 -426.747
5.50923 -388.775
5.51066 -426.747
5.51187 -502.622
5.51381 -388.775
5.51502 -350.78
5.51701 -350.78
5.51868 -274.722
5.52011 -274.722
5.52169 -236.658
5.52309 -236.658
5.5245 -160.461
5.52602 -45.9934
5.52773 68.6831
5.52893 30.4344
5.53017 68.6831
5.53209 68.6831
5.5339 68.6831
5.53539 106.955
5.53748 30.4344
5.53919 68.6831
5.54051 30.4344
5.54194 -7.79108
5.54369 -7.79108
5.54551 30.4344
5.54764 -7.79108
5.54894 -7.79108
5.55014 30.4344
5.55162 -7.79108
5.55296 -7.79108
5.55417 30.4344
5.55541 68.6831
5.55797 30.4344
5.55931 -7.79108
5.56069 -45.9934
5.56207 -84.1725
5.56361 -45.9934
5.56489 -45.9934
5.56711 -45.9934
5.56834 -7.79108
5.56957 30.4344
5.57116 -45.9934
5.57272 -45.9934
5.57469 -7.79108
5.57605 -84.1725
5.57776 -45.9934
5.57948 -45.9934
5.58063 -122.328
5.58185 -122.328
5.58305 -160.461
5.58443 -236.658
5.58563 -198.571
5.58786 -198.571
5.58921 -198.571
5.59041 -122.328
5.59172 -160.461
5.59338 -236.658
5.59475 -198.571
5.59724 -198.571
5.59861 -312.762
5.59991 -274.722
5.60109 -236.658
5.60242 -274.722
5.60376 -236.658
5.6052 -236.658
5.60717 -160.461
5.60885 -122.328
5.61019 -122.328
5.61145 -45.9934
5.61303 106.955
5.61474 145.25
5.61629 221.911
5.61761 260.276
5.61918 221.911
5.6207 337.077
5.622 298.665
5.62337 298.665
5.62476 298.665
5.62623 337.077
5.6281 413.972
5.62933 452.454
5.63107 490.96
5.63253 606.621
5.63402 683.846
5.63546 722.494
5.63782 838.581
5.63899 954.883
5.64015 1110.29
5.64153 1110.29
5.64291 1110.29
5.64413 1188.13
5.6454 1188.13
5.64781 1227.09
5.64996 1305.08
5.65083 1266.08
5.65211 1266.08
5.65365 1266.08
5.65495 1227.09
5.65675 1266.08
5.65804 1305.08
5.65927 1266.08
5.66062 1266.08
5.66177 1266.08
5.6631 1227.09
5.66436 1227.09
5.66552 1227.09
5.66755 1149.2
5.6701 1149.2
5.67181 1149.2
5.67186 1071.4
5.67316 1110.29
5.67567 1149.2
5.67683 1071.4
5.67811 1071.4
5.67959 1071.4
5.68101 993.698
5.68276 1110.29
5.68437 1149.2
5.68663 1071.4
5.68779 1149.2
5.68936 1149.2
5.69063 1032.54
5.69184 1110.29
5.69364 1110.29
5.69511 1071.4
5.69731 1149.2
5.69853 1071.4
5.69968 993.698
5.70131 993.698
5.70379 916.091
5.7049 916.091
5.70708 916.091
5.70844 838.581
5.70978 761.166
5.71109 761.166
5.71223 683.846
5.71364 645.221
5.7153 606.621
5.71742 568.044
5.71868 529.49
5.72036 375.513
5.72159 337.077
5.72288 260.276
5.7243 183.569
5.72541 106.955
5.72748 68.6831
5.72867 68.6831
5.73001 30.4344
5.73166 -7.79108
5.73313 -7.79108
5.73461 68.6831
5.7359 145.25
5.73938 221.911
5.73944 337.077
5.74039 375.513
5.74165 452.454
5.74296 413.972
5.74439 529.49
5.74567 683.846
5.7473 683.846
5.74886 761.166
5.75077 799.861
5.75222 799.861
5.7539 838.581
5.75514 993.698
5.75725 954.883
5.75878 1110.29
5.75991 1149.2
5.76123 1071.4
5.7625 1149.2
5.76375 1149.2
5.765 1071.4
5.76707 1149.2
5.76833 1149.2
5.76967 1071.4
5.77148 1071.4
5.77295 993.698
5.77444 916.091
5.77581 916.091
5.77755 877.324
5.77873 877.324
5.7811 877.324
5.78262 761.166
5.78422 761.166
5.78571 722.494
5.78741 722.494
5.78975 799.861
5.79069 761.166
5.79365 761.166
5.79503 722.494
5.79724 568.044
5.79835 490.96
5.79952 490.96
5.8013 375.513
5.80252 298.665
5.80462 260.276
5.80719 106.955
5.80818 68.6831
5.80972 68.6831
5.81098 106.955
5.81367 183.569
5.81515 260.276
5.81739 337.077
5.81866 413.972
5.82007 529.49
5.82211 645.221
5.82363 722.494
5.82486 877.324
5.82712 954.883
5.82826 1032.54
5.82999 1110.29
5.83122 1188.13
5.83439 1188.13
5.83554 1227.09
5.83782 1266.08
5.83915 1149.2
5.84061 1227.09
5.84284 1188.13
5.84402 1110.29
5.84631 1149.2
5.84746 1149.2
5.84869 1149.2
5.85083 1149.2
5.85217 1110.29
5.85473 1071.4
5.8561 1149.2
5.85771 1110.29
5.85893 1071.4
5.86071 1110.29
5.86275 1032.54
5.86393 877.324
5.86566 799.861
5.86705 722.494
5.86821 645.221
5.8713 568.044
5.87267 452.454
5.87449 452.454
5.87594 375.513
5.87774 260.276
5.87943 260.276
5.8806 260.276
5.88388 183.569
5.88529 260.276
5.8876 221.911
5.88884 183.569
5.89026 183.569
5.89191 183.569
5.89342 298.665
5.89478 413.972
5.89716 452.454
5.89835 568.044
5.89971 722.494
5.9009 761.166
5.90399 877.324
5.90534 993.698
5.9074 1149.2
5.90863 1188.13
5.90999 1188.13
5.91282 1188.13
5.9144 1188.13
5.9175 1188.13
5.91858 1227.09
5.92004 1227.09
5.92167 1266.08
5.92288 1266.08
5.92518 1227.09
5.92757 1227.09
5.92888 1266.08
5.93062 1266.08
5.93179 1305.08
5.93412 1344.12
5.93574 1305.08
5.93726 1266.08
5.93834 1266.08
5.94033 1188.13
5.94146 1227.09
5.94316 1188.13
5.94529 1110.29
5.94774 1149.2
5.9489 1149.2
5.95076 1071.4
5.952 1071.4
5.9534 1110.29
5.95466 1032.54
5.95689 1149.2
5.95787 1149.2
5.95964 1110.29
5.96112 1188.13
5.96241 1149.2
5.96523 1032.54
5.96711 1149.2
5.96952 1149.2
5.96997 1071.4
5.9711 1149.2
5.97362 1110.29
5.97565 1032.54
5.97759 1032.54
5.97876 954.883
5.9801 1032.54
5.98221 1071.4
5.98336 916.091
5.98473 799.861
5.98683 722.494
5.98803 568.044
5.98983 490.96
5.99108 413.972
5.99392 375.513
5.99553 298.665
5.99786 145.25
5.99965 68.6831
6.00103 68.6831
6.00227 68.6831
6.00337 68.6831
6.00534 106.955
6.00688 68.6831
6.00805 68.6831
6.01077 30.4344
6.01216 30.4344
6.01472 -7.79108
6.01685 -45.9934
6.018 -84.1725
6.01927 -122.328
6.02064 -122.328
6.02252 -122.328
6.02367 -198.571
6.02488 -198.571
6.02708 -198.571
6.02825 -274.722
6.03069 -274.722
6.03196 -274.722
6.03604 -350.78
6.03735 -350.78
6.0389 -350.78
6.04014 -464.696
6.04178 -388.775
6.04304 -388.775
6.04426 -464.696
6.04553 -388.775
6.04768 -388.775
6.04892 -464.696
6.05189 -388.775
6.05312 -350.78
6.05534 -388.775
6.05759 -274.722
6.05874 -312.762
6.06063 -350.78
6.06176 -274.722
6.06342 -236.658
6.06468 -312.762
6.06661 -198.571
6.06919 -198.571
6.06954 -160.461
6.07171 -122.328
6.07308 -198.571
6.07588 -84.1725
6.0772 -45.9934
6.07864 -7.79108
6.07999 30.4344
6.08171 106.955
6.08418 106.955
6.08565 221.911
6.08818 183.569
6.08932 145.25
6.0905 221.911
6.09222 145.25
6.09339 106.955
6.09459 68.6831
6.0983 68.6831
6.09947 183.569
6.10154 221.911
6.10456 221.911
6.10504 298.665
6.10726 490.96
6.10864 529.49
6.11012 645.221
6.11142 838.581
6.1132 993.698
6.11444 1071.4
6.11696 1110.29
6.11815 1227.09
6.1196 1188.13
6.12115 1227.09
6.12236 1227.09
6.12486 1227.09
6.12707 1266.08
6.12899 1266.08
6.13258 1188.13
6.13387 1188.13
6.13508 1188.13
6.13804 1071.4
6.13909 1149.2
6.14048 1110.29
6.14175 1071.4
6.14306 1149.2
6.1444 1149.2
6.14565 1071.4
6.14771 1149.2
6.1492 1188.13
6.15081 1110.29
6.15213 1188.13
6.15368 1188.13
6.15552 1149.2
6.1579 1188.13
6.15908 1188.13
6.16113 1110.29
6.1623 1188.13
6.16407 1188.13
6.16586 1071.4
6.1681 1149.2
6.17034 1149.2
6.17111 1188.13
6.17341 1266.08
6.1743 1227.09
6.17615 1305.08
6.17744 1344.12
6.17879 1305.08
6.18015 1266.08
6.18278 1305.08
6.18412 1266.08
6.18556 1227.09
6.18776 1149.2
6.18903 1071.4
6.19048 1032.54
6.19307 877.324
6.19443 838.581
6.19639 799.861
6.19776 722.494
6.19907 683.846
6.20109 606.621
6.20362 529.49
6.20495 452.454
6.20737 413.972
6.20905 375.513
6.21092 337.077
6.21216 260.276
6.21341 183.569
6.21525 145.25
6.21751 106.955
6.21905 68.6831
6.22016 145.25
6.22209 183.569
6.22335 260.276
6.22562 337.077
6.22684 413.972
6.22805 568.044
6.22923 606.621
6.2313 722.494
6.2336 838.581
6.23639 916.091
6.23785 916.091
6.23918 954.883
6.24049 877.324
6.24195 916.091
6.24387 954.883
6.24509 877.324
6.24725 993.698
6.24854 1032.54
6.24988 954.883
6.25201 1032.54
6.25367 1032.54
6.25604 993.698
6.25845 1110.29
6.25981 1110.29
6.26144 1071.4
6.26314 1071.4
6.26441 993.698
6.26894 916.091
6.27095 877.324
6.27109 761.166
6.27249 799.861
6.27411 799.861
6.2752 683.846
6.27716 683.846
6.27871 606.621
6.28016 529.49
6.28144 490.96
6.28267 413.972
6.28492 375.513
6.28723 375.513
6.28872 260.276
6.28967 183.569
6.29116 145.25
6.2929 30.4344
6.29411 30.4344
6.29524 30.4344
6.29718 -7.79108
6.29907 -7.79108
6.30118 -7.79108
6.30402 -45.9934
6.30528 -84.1725
6.30798 -84.1725
6.30931 -84.1725
6.31057 -122.328
6.31301 -160.461
6.31391 -160.461
6.31533 -160.461
6.31784 -160.461
6.31976 -122.328
6.32118 -122.328
6.3225 -122.328
6.32363 -122.328
6.32558 -312.762
6.32764 -274.722
6.32929 -274.722
6.33051 -312.762
6.33161 -350.78
6.33384 -312.762
6.33612 -388.775
6.33745 -388.775
6.33937 -388.775
6.34079 -350.78
6.34206 -160.461
6.34337 -198.571
6.3465 -236.658
6.34894 -236.658
6.35083 -198.571
6.35188 -312.762
6.35377 -312.762
6.35501 -312.762
6.35729 -388.775
6.35906 -426.747
6.36042 -388.775
6.36213 -350.78
6.36338 -274.722
6.36641 -236.658
6.36887 -160.461
6.37023 -84.1725
6.37188 -45.9934
6.37306 30.4344
6.37423 106.955
6.37577 106.955
6.37712 183.569
6.37846 106.955
6.38049 68.6831
6.3819 106.955
6.38333 106.955
6.38491 221.911
6.38726 337.077
6.38845 413.972
6.38966 529.49
6.39123 645.221
6.39244 722.494
6.39522 838.581
6.39771 1032.54
6.39952 1110.29
6.40171 1188.13
6.40331 1227.09
6.40476 1266.08
6.4074 1266.08
6.40898 1305.08
6.41026 1305.08
6.41191 1227.09
6.41338 1305.08
6.4148 1305.08
6.4167 1305.08
6.41841 1305.08
6.42032 1305.08
6.42158 1305.08
6.42375 1305.08
6.42494 1266.08
6.42718 1227.09
6.42844 1227.09
6.43024 1149.2
6.43143 1032.54
6.4336 993.698
6.43531 916.091
6.43738 799.861
6.43856 683.846
6.44031 568.044
6.44173 452.454
6.44313 375.513
6.44499 260.276
6.44641 145.25
6.44788 30.4344
6.44942 -84.1725
6.4506 -198.571
6.45279 -236.658
6.45412 -274.722
6.45675 -426.747
6.4585 -388.775
6.45981 -350.78
6.46171 -426.747
6.46297 -388.775
6.4651 -312.762
6.46728 -274.722
6.46974 -198.571
6.47135 -236.658
6.47268 -198.571
6.47416 -84.1725
6.47579 -122.328
6.47781 -122.328
6.47929 -7.79108
6.48083 -7.79108
6.48222 -7.79108
6.48343 30.4344
6.48549 -7.79108
6.4883 30.4344
6.48957 30.4344
6.4912 30.4344
6.49247 30.4344
6.49415 -7.79108
6.49535 -45.9934
6.49775 -7.79108
6.5005 -45.9934
6.50106 -84.1725
6.50256 -122.328
6.50406 -160.461
6.50639 -198.571
6.50777 -160.461
6.50929 -84.1725
6.51059 -7.79108
6.51233 68.6831
6.51439 106.955
6.5158 106.955
6.51708 183.569
6.51908 337.077
6.52024 375.513
6.52241 490.96
6.52402 568.044
6.52644 529.49
6.52771 606.621
6.52891 645.221
6.53036 606.621
6.53157 722.494
6.53465 761.166
6.53619 683.846
6.53758 838.581
6.5389 877.324
6.54118 838.581
6.54341 954.883
6.54477 954.883
6.54741 993.698
6.54889 1110.29
6.55024 1149.2
6.5523 1188.13
6.5535 1305.08
6.55509 1305.08
6.55721 1383.17
6.55912 1422.25
6.5605 1383.17
6.56164 1461.36
6.56322 1500.49
6.56516 1500.49
6.56731 1578.82
6.56894 1618.02
6.57049 1618.02
6.57199 1657.25
6.57305 1578.82
6.57583 1618.02
6.57732 1696.5
6.57859 1618.02
6.58047 1578.82
6.58178 1618.02
6.58373 1578.82
6.58503 1539.64
6.58798 1539.64
6.58927 1461.36
6.59124 1422.25
6.5924 1383.17
6.59417 1305.08
6.59599 1266.08
6.59858 1227.09
6.60112 1149.2
6.60225 1032.54
6.60415 954.883
6.60521 877.324
6.60715 799.861
6.60834 761.166
6.61002 722.494
6.61123 683.846
6.61291 606.621
6.61432 529.49
6.61666 452.454
6.61825 413.972
6.61986 375.513
6.62121 221.911
6.62321 145.25
6.62465 68.6831
6.62581 -7.79108
6.62825 -45.9934
6.6294 -84.1725
6.63129 -122.328
6.63387 -160.461
6.63576 -198.571
6.63721 -312.762
6.63882 -274.722
6.64001 -236.658
6.64122 -312.762
6.6424 -350.78
6.64544 -388.775
6.64708 -464.696
6.64815 -464.696
6.65146 -464.696
6.65297 -540.526
6.65428 -464.696
6.65595 -388.775
6.65831 -350.78
6.65936 -274.722
6.66066 -274.722
6.66226 -198.571
6.66324 -84.1725
6.66686 -84.1725
6.66799 -7.79108
6.66961 68.6831
6.67086 145.25
6.67208 221.911
6.67382 298.665
6.67501 413.972
6.67838 568.044
6.67996 529.49
6.68129 645.221
6.68275 799.861
6.68408 877.324
6.68641 993.698
6.68782 1110.29
6.68897 1149.2
6.6912 1188.13
6.69236 1227.09
6.6942 1266.08
6.69535 1383.17
6.69879 1383.17
6.70069 1383.17
6.70178 1383.17
6.70345 1422.25
6.70477 1383.17
6.70685 1383.17
6.708 1383.17
6.70932 1383.17
6.71087 1383.17
6.71362 1383.17
6.71609 1383.17
6.71793 1383.17
6.71911 1383.17
6.72038 1383.17
6.72231 877.324
6.72344 877.324
6.72524 799.861
6.72771 761.166
6.72893 761.166
6.73009 761.166
6.73131 683.846
6.73297 683.846
6.73548 683.846
6.7381 606.621
6.73948 1110.29
6.74088 1071.4
6.74224 1071.4
6.74346 1032.54
6.7448 1032.54
6.74768 954.883
6.74925 1032.54
6.75044 1071.4
6.75172 993.698
6.75289 993.698
6.75588 916.091
6.75758 877.324
6.75949 877.324
6.76076 877.324
6.76273 916.091
6.76483 877.324
6.76801 799.861
6.76931 645.221
6.77067 568.044
6.77192 529.49
6.77334 452.454
6.77475 413.972
6.777 337.077
6.77834 260.276
6.77966 68.6831
6.78097 68.6831
6.78222 -7.79108
6.78454 -7.79108
6.78568 -7.79108
6.78861 -45.9934
6.7897 -45.9934
6.7917 -122.328
6.79285 -45.9934
6.79417 30.4344
6.79662 106.955
6.79858 145.25
6.79989 221.911
6.80228 298.665
6.8035 413.972
6.80507 568.044
6.8073 683.846
6.80938 877.324
6.81074 954.883
6.8124 916.091
6.81395 954.883
6.81516 1032.54
6.81777 1032.54
6.81985 1110.29
6.82089 1149.2
6.82232 1071.4
6.8235 1110.29
6.82552 1110.29
6.8272 1032.54
6.82846 1149.2
6.82969 1188.13
6.83099 1227.09
6.83368 1266.08
6.83497 1188.13
6.83792 1149.2
6.83931 1149.2
6.84074 1071.4
6.8423 993.698
6.84376 993.698
6.84601 916.091
6.84827 954.883
6.84944 838.581
6.85062 799.861
6.85182 838.581
6.854 761.166
6.85516 722.494
6.85853 799.861
6.85988 722.494
6.86176 645.221
6.86338 761.166
6.86472 606.621
6.86657 490.96
6.86778 606.621
6.86922 490.96
6.87085 452.454
6.87272 413.972
6.87461 221.911
6.87645 183.569
6.87891 145.25
6.88022 -122.328
6.88136 -160.461
6.88329 -122.328
6.8845 -274.722
6.88679 -274.722
6.888 -274.722
6.88974 -274.722
6.89096 -236.658
6.89279 -160.461
6.89497 -160.461
6.8978 -122.328
6.89934 -122.328
6.90095 -84.1725
6.90179 -160.461
6.90332 -198.571
6.90462 -160.461
6.90797 -198.571
6.91046 -198.571
6.91216 -236.658
6.91318 -236.658
6.9144 -198.571
6.91573 -198.571
6.91779 -236.658
6.91979 -198.571
6.92095 -198.571
6.92276 -350.78
6.92415 -350.78
6.92555 -388.775
6.92783 -464.696
6.92936 -426.747
6.93095 -464.696
6.93207 -540.526
6.93341 -540.526
6.93606 -502.622
6.93751 -578.406
6.9388 -464.696
6.94149 -426.747
6.94277 -464.696
6.9444 -350.78
6.94558 -388.775
6.94834 -312.762
6.94949 -198.571
6.95124 -160.461
6.95249 -122.328
6.95377 -7.79108
6.95648 -45.9934
6.95798 30.4344
6.95933 221.911
6.96486 298.665
6.96661 452.454
6.96782 568.044
6.96922 645.221
6.9704 761.166
6.97286 838.581
6.97446 916.091
6.97641 1110.29
6.97785 1188.13
6.97917 1305.08
6.98116 1344.12
6.98285 1344.12
6.98527 1344.12
6.98736 1344.12
6.98875 1344.12
6.99043 1344.12
6.99158 1383.17
6.99348 1383.17
6.9946 1383.17
6.99658 1305.08
6.99812 1305.08
7.0001 1344.12
7.00176 1344.12
7.00385 1383.17
7.00566 1383.17
7.0079 1383.17
7.00921 877.324
7.01099 838.581
7.01222 799.861
7.01391 761.166
7.01505 799.861
7.01752 838.581
7.01881 799.861
7.02056 799.861
7.0221 799.861
7.0243 761.166
7.02604 1266.08
7.0285 1305.08
7.03056 1266.08
7.03111 1305.08
7.03276 1266.08
7.0344 1149.2
7.03562 1188.13
7.03825 1149.2
7.03941 1110.29
7.04142 1071.4
7.04272 993.698
7.0443 916.091
7.04572 916.091
7.04775 838.581
7.04895 877.324
7.0507 877.324
7.05191 799.861
7.05486 838.581
7.05605 761.166
7.05778 761.166
7.05909 722.494
7.0603 645.221
7.06307 568.044
7.06443 529.49
7.06565 337.077
7.0677 298.665
7.06902 260.276
7.07129 145.25
7.07248 145.25
7.07531 68.6831
7.07753 68.6831
7.0789 106.955
7.08167 221.911
7.08347 298.665
7.08449 413.972
7.08645 490.96
7.08782 606.621
7.08906 683.846
7.0918 799.861
7.09304 954.883
7.0943 1071.4
7.09673 1149.2
7.09766 1188.13
7.09993 1188.13
7.10115 1188.13
7.10252 1227.09
7.10393 1110.29
7.10522 1149.2
7.10743 1149.2
7.10863 1071.4
7.11214 1071.4
7.11442 1110.29
7.11742 1032.54
7.11861 1071.4
7.12023 1149.2
7.12118 1149.2
7.12323 1149.2
7.12439 1110.29
7.12676 1071.4
7.12904 1110.29
7.12947 1071.4
7.13126 993.698
7.13298 954.883
7.13426 838.581
7.13597 722.494
7.13851 645.221
7.13976 683.846
7.1411 722.494
7.14228 683.846
7.1438 606.621
7.14506 645.221
7.14737 568.044
7.14853 529.49
7.14974 606.621
7.15099 568.044
7.153 490.96
7.15428 529.49
7.15561 413.972
7.15816 337.077
7.15976 260.276
7.16173 106.955
7.16254 106.955
7.16558 145.25
7.16692 30.4344
7.16807 -45.9934
7.17099 -45.9934
7.17252 -160.461
7.17399 -236.658
7.17547 -236.658
7.17698 -236.658
7.17893 -198.571
7.18088 -198.571
7.18286 -198.571
7.18406 -198.571
7.1858 -122.328
7.18735 -122.328
7.18852 -160.461
7.19032 -122.328
7.19222 -160.461
7.19458 -160.461
7.19612 -198.571
7.19788 -160.461
7.19923 -198.571
7.2004 -160.461
7.20227 -236.658
7.20366 -274.722
7.20637 -274.722
7.20788 -312.762
7.20934 -350.78
7.21076 -312.762
7.21306 -312.762
7.2146 -426.747
7.2168 -388.775
7.21852 -426.747
7.21981 -464.696
7.22136 -426.747
7.22321 -388.775
7.22432 -426.747
7.22686 -350.78
7.22799 -350.78
7.22937 -426.747
7.23098 -312.762
7.23259 -312.762
7.23498 -388.775
7.23755 -274.722
7.23895 -274.722
7.24032 -312.762
7.24172 -236.658
7.2432 -236.658
7.24445 -236.658
7.24725 -160.461
7.24844 -160.461
7.24965 -122.328
7.25119 -45.9934
7.25239 -122.328
7.25537 -160.461
7.25788 -84.1725
7.26083 -45.9934
7.26118 -45.9934
7.26241 -45.9934
7.26372 -45.9934
7.26527 -84.1725
7.26755 -122.328
7.26854 -122.328
7.27086 -84.1725
7.2722 -45.9934
7.27438 -84.1725
7.2762 -122.328
7.27786 -122.328
7.27935 -122.328
7.28062 -84.1725
7.28235 -45.9934
7.28414 -122.328
7.28535 -122.328
7.28777 -122.328
7.28904 -160.461
7.2902 -198.571
7.29235 -198.571
7.29377 -274.722
7.29658 -274.722
7.29807 -312.762
7.30003 -426.747
7.30112 -388.775
7.30252 -388.775
7.30473 -464.696
7.30709 -426.747
7.30906 -388.775
7.31032 -464.696
7.31184 -350.78
7.31312 -388.775
7.31448 -464.696
7.31684 -388.775
7.3184 -388.775
7.31972 -464.696
7.32189 -388.775
7.32302 -426.747
7.32507 -464.696
7.32811 -388.775
7.32915 -426.747
7.33056 -426.747
7.33187 -350.78
7.33323 -312.762
7.33443 -236.658
7.33762 -198.571
7.33919 -236.658
7.34039 -122.328
7.34167 -160.461
7.34293 -160.461
7.34575 -84.1725
7.34732 -45.9934
7.34854 -7.79108
7.35074 30.4344
7.35194 -45.9934
7.35374 -7.79108
7.3549 68.6831
7.35803 -7.79108
7.36091 30.4344
7.36144 68.6831
7.36309 -7.79108
7.36445 -7.79108
7.36695 -7.79108
7.36819 -7.79108
7.36984 68.6831
7.37153 145.25
7.37308 183.569
7.37461 298.665
7.37666 452.454
7.37782 529.49
7.37911 645.221
7.38038 799.861
7.38238 916.091
7.3835 916.091
7.38642 993.698
7.38766 1110.29
7.38887 1149.2
7.39059 1188.13
7.39171 1227.09
7.39474 1188.13
7.397 1227.09
7.39901 1227.09
7.39995 1149.2
7.40116 1227.09
7.40293 1188.13
7.40444 1071.4
7.40715 1110.29
7.40838 1071.4
7.40987 1071.4
7.4118 1110.29
7.41314 1110.29
7.41522 1032.54
7.41737 1110.29
7.41888 1110.29
7.4201 1071.4
7.42176 1188.13
7.42334 1188.13
7.42475 1149.2
7.42747 1188.13
7.42903 1188.13
7.4301 1110.29
7.43234 1227.09
7.43331 1227.09
7.43585 1266.08
7.43804 1305.08
7.43939 1266.08
7.441 1344.12
7.44227 1422.25
7.44404 1383.17
7.4453 1500.49
7.44793 1578.82
7.44917 1539.64
7.45109 1500.49
7.45286 1461.36
7.45404 1461.36
7.4561 1422.25
7.45939 1344.12
7.46145 1305.08
7.46232 1305.08
7.46379 1188.13
7.46508 1188.13
7.46777 1188.13
7.46946 1227.09
7.47102 1188.13
7.4724 1188.13
7.47401 1227.09
7.47549 1227.09
7.47812 1266.08
7.47943 1266.08
7.48077 1305.08
7.48188 1305.08
7.48431 1266.08
7.4859 1227.09
7.48726 1266.08
7.4885 1266.08
7.48969 1188.13
7.49094 1110.29
7.49296 1032.54
7.49514 954.883
7.49705 877.324
7.49866 799.861
7.49994 683.846
7.50116 606.621
7.50279 490.96
7.50552 375.513
7.50779 337.077
7.50953 260.276
7.51087 145.25
7.51209 68.6831
7.51346 30.4344
7.51474 -84.1725
7.51756 -84.1725
7.5191 -122.328
7.52053 -236.658
7.52174 -236.658
7.52295 -236.658
7.52581 -312.762
7.52772 -274.722
7.52835 -274.722
7.53007 -350.78
7.53122 -312.762
7.53391 -312.762
7.53523 -312.762
7.53853 -236.658
7.53988 -236.658
7.54146 -198.571
7.54275 -122.328
7.54398 -122.328
7.54637 -84.1725
7.54747 -45.9934
7.54878 -7.79108
7.55025 30.4344
7.55198 30.4344
